2 0.30546875 0.18984375 0.1265625 0.3796875
0 0.7234375 0.27109375 0.553125 0.2171875
2 0.10459450409012812 0.8028484474358473 0.11190426959604131 0.15195655036458078
2 0.6130087461725694 0.7654119143516116 0.1443650801000249 0.2503893323490306
2 0.7216670291629528 0.6215564378842229 0.10146687476889085 0.16799447279136234
2 0.7610668467930722 0.49438399027515095 0.042534492478152684 0.0698948595576681
2 0.8453125 0.39921875 0.03125 0.0390625
2 0.9049736226573198 0.5654590945071138 0.05250052586424747 0.0911927117632838
2 0.9703125 0.66484375 0.059375 0.1609375
2 0.9447682453811466 0.42492328421424047 0.032568459092057724 0.04859700735205239
2 0.984375 0.440625 0.03125 0.053125