2 0.0140625 0.109375 0.028125 0.10625
2 0.16440746537560996 0.09861545036705328 0.0753177893919517 0.09003273677523324
2 0.2921875 0.04453125 0.078125 0.0890625
2 0.40390625 0.01484375 0.0796875 0.0296875
2 0.5546875 0.19140625 0.05 0.2265625
2 0.7486165944277446 0.11494756370475953 0.16173967875566858 0.21029900512049754
2 0.1609375 0.94609375 0.18125 0.1078125
2 0.024024660057468374 0.5734305237481105 0.024984589448421433 0.02792757892507769
2 0.05252138637994506 0.5647156764071812 0.02682010523343701 0.032706084186749605
2 0.2105515071866361 0.8149824449642071 0.16550171558737148 0.22141851564384113
2 0.08475703370675683 0.6067365764354161 0.050606215728545845 0.06679265785015538
2 0.11078964171220407 0.48841921594030735 0.025348610495108836 0.03417757892507769
2 0.1576569364364148 0.4990158107209878 0.03352513154179624 0.04088260523343692
2 0.14296875 0.471875 0.0265625 0.025
2 0.23070657053845975 0.6092105870999343 0.03655912628012441 0.039502115756780753
2 0.20589701536149257 0.5197231528708323 0.03499662628012441 0.039411110495108835
2 0.19375 0.46953125 0.03125 0.0203125
2 0.2310867311606255 0.5080653160532468 0.030036110495108837 0.03445059471009326
2 0.27249225213672573 0.5863954424039584 0.03839464206513998 0.044280621018452496
2 0.2523779022355478 0.483308239759005 0.03168961575678066 0.03610409997176518
2 0.27890625 0.46953125 0.0328125 0.0203125
1 0.76953125 0.7296875 0.4609375 0.540625