2 0.13203125 0.190625 0.2640625 0.38125
2 0.9265625 0.32890625 0.146875 0.3546875
2 0.038678131117676796 0.8441219332358905 0.04593254809323426 0.06658423793672501
2 0.02578125 0.990625 0.0515625 0.01875
2 0.12719499409436824 0.836811274749938 0.039136911069925694 0.050375775374335775
2 0.25976690271722325 0.7308245183022036 0.04426092068857255 0.06331337229612774
2 0.244335364875608 0.8018033134353344 0.03875496515360979 0.03943827537433577
2 0.327199939377712 0.7441279908478884 0.042916675497895976 0.0694175066555303
2 0.3483805133316619 0.8823783300741603 0.04097222958157989 0.05833414101493304
2 0.3978571797590652 0.7382648774950665 0.04102679328391083 0.05989664101493304
2 0.6650918089778255 0.7150845634353343 0.03557540145127867 0.03758404409314107
2 0.6587525289407585 0.7565427352323477 0.029270837748947898 0.03543808153075183
2 0.6790625397405318 0.691470287021009 0.024146828130301046 0.02250048460895986
2 0.6670387440943683 0.7931366306150357 0.04037202885594056 0.04114664101493304