2 0.48359375 0.16257696691583873 0.0421875 0.04571491439185813
2 0.6796875 0.1706312537240536 0.04375 0.039537688998963996
2 0.9671875 0.22989697601657594 0.05625 0.06668238585581072
2 0.97578125 0.02109375 0.0453125 0.0421875
2 0.03203125 0.72109375 0.0640625 0.1953125
2 0.10078125 0.42265625 0.0203125 0.0078125
2 0.121875 0.5388997183635809 0.025 0.03241439371369381
2 0.1359375 0.4460572468996281 0.021875 0.032268844499481995
2 0.1640625 0.44474730397172263 0.01875 0.02899829528527036
2 0.16953125 0.5327738428468521 0.025 0.03710189371369381
2 0.19296875 0.43125 0.0203125 0.025
2 0.22578125 0.42578125 0.0234375 0.0140625
2 0.34609375 0.8815815622438903 0.034375 0.21410104135632899
2 0.359375 0.4390625 0.034375 0.040625
2 0.4109375 0.425 0.015625 0.0125
0 0.71796875 0.78984375 0.5640625 0.4203125