2 0.42265625 0.03203125 0.1703125 0.0640625
0 0.81015625 0.3015625 0.3203125 0.475
0 0.3390625 0.76953125 0.621875 0.4609375
2 0.665625 0.8671875 0.03125 0.240625
2 0.6655712638030129 0.7425990943003619 0.016006829545304767 0.02269387155129756
2 0.6803195564166868 0.7488457722740945 0.0128272824674041 0.01940509724103805
2 0.6942729622608854 0.7558327566702623 0.016006829545304767 0.02269387155129756
2 0.7280030799556372 0.749780830505552 0.014526150162155815 0.02729948439616763
2 0.74032580195246 0.76059217774659 0.016061376623205347 0.025818871551297563
2 0.7577314902640626 0.7489929364530173 0.012854556006354479 0.020967597241038048
2 0.7589433883976235 0.8139595171857119 0.049664809252765355 0.07285100180902226
2 0.892110444403978 0.8006074253717408 0.012909103084255058 0.02409259724103805
2 0.9114098693229 0.8149122648108627 0.014553423701106105 0.028861984396167807
2 0.9217979444039781 0.8021632813192061 0.016006829545304767 0.02269387155129756
2 0.934742229307014 0.866962765715374 0.02568183847375849 0.0403726944820761
2 0.975458732553425 0.8190508881711824 0.0159795560063543 0.021131371551297563