2 0.0296875 0.83671875 0.059375 0.31875
2 0.046875 0.32265625 0.015625 0.02890625
2 0.0609375 0.31640625 0.0109375 0.02734375
2 0.0984375 0.33828125 0.01640625 0.02265625
2 0.128125 0.3421875 0.015625 0.02734375
2 0.16875 0.634375 0.090625 0.1921875
2 0.13984375 0.39375 0.02734375 0.05859375
2 0.2125 0.296875 0.01484375 0.02890625
2 0.25078125 0.32578125 0.0203125 0.034375
2 0.25078125 0.2921875 0.015625 0.02734375
2 0.271875 0.45625 0.02421875 0.03125
2 0.2859375 0.3640625 0.02265625 0.03125
2 0.29921875 0.3078125 0.0203125 0.03046875
2 0.3140625 0.3640625 0.01953125 0.02734375
2 0.31953125 0.45234375 0.025 0.0359375
2 0.34296875 0.35 0.0203125 0.02890625
2 0.3765625 0.34296875 0.0234375 0.02578125
2 0.49609375 0.809375 0.03515625 0.2125
2 0.509375 0.33359375 0.034375 0.11015625
2 0.565625 0.34375 0.025 0.0359375
2 0.7828125 0.4609375 0.02734375 0.0390625
2 0.86328125 0.45546875 0.02734375 0.05
2 0.9078125 0.5640625 0.03203125 0.05703125
2 0.92109375 0.4484375 0.0234375 0.0390625
2 0.94296875 0.47421875 0.02265625 0.04140625