2 0.0125 0.5625 0.025 0.253125
2 0.00390625 0.08046875 0.0078125 0.0296875
2 0.04110575547678334 0.10537096268177767 0.01786946159934022 0.025345139474130286
2 0.07072505931684932 0.11100972631891173 0.01800585391920828 0.030032639474130284
2 0.11854146753834198 0.407096660052429 0.10572847743445783 0.20797399330403046
2 0.08409122585161218 0.16343848313747883 0.03141513605166191 0.06267001363713405
2 0.15418842867546378 0.07089561926362435 0.01648881802583091 0.031421717703754834
2 0.1932592888628782 0.101880374408199 0.0229206744523216 0.03836540478525663
2 0.19267426715526584 0.06811320263782354 0.01800585391920828 0.030032639474130284
2 0.21685225006650696 0.23382150538976987 0.027517246239076344 0.03576067009638315
2 0.2289096323572452 0.14267453601202273 0.025954746239076343 0.03558724832600753
2 0.24072532224897306 0.08677052751946332 0.022784282132453627 0.03367790478525663
2 0.25708009646386787 0.14423362787878133 0.021130853919208194 0.030379483014881182
2 0.26469035649299777 0.2328608693862219 0.027653638558944316 0.04044817009638315
2 0.28565973753009466 0.13173021974553994 0.022738818025830908 0.03211540478525663
2 0.31950354011651944 0.12686503780861264 0.025772889812585565 0.029337248326007613
2 0.4484375 0.590625 0.053125 0.196875
2 0.4520121632360576 0.1251129274053405 0.04389841567683313 0.11700896602976245
2 0.5080575747562556 0.13838736113885766 0.027653638558944493 0.04044817009638315
2 0.7284262475592246 0.268655424302551 0.03086956677218975 0.04392001363713405
2 0.803125 0.15390625 0.046875 0.1859375
2 0.865625 0.06328125 0.103125 0.1265625
0 0.40625 0.9625 0.690625 0.075
0 0.88984375 0.84453125 0.2203125 0.3109375