2 0.020590330029217663 0.36487779356644123 0.019623019237293704 0.02642079004195628
2 0.05030511188038309 0.3634094593333438 0.019786710344286272 0.031108290041956366
2 0.13515625 0.59296875 0.1203125 0.1140625
2 0.06999261850380507 0.411266618876469 0.0365029843909034 0.06354228174358649
2 0.12649310044763773 0.3020207508251926 0.01984127404661713 0.03267079004195628
2 0.16874508783376596 0.32310192281587247 0.02625496515360961 0.03783188672260831
2 0.16366571823365259 0.28980417074128 0.019786710344286272 0.031108290041956276
2 0.2098834977225653 0.4468820423170413 0.02932540145127884 0.03650618506293455
2 0.20976195743387938 0.35367649397671536 0.027762901451278844 0.03638778589277134
2 0.21399310044763772 0.29539039729606326 0.024583337748947987 0.03458848755244537
2 0.23775054817805225 0.3476390589137809 0.024474210344286273 0.031463487552445366
2 0.2564311155085802 0.4339550672121506 0.031051592558271324 0.04131208423309758
2 0.2637128474524128 0.3284387730210095 0.02452877404661713 0.03302598755244528
2 0.2961434015360968 0.315014890447586 0.02754464664195542 0.03013778589277134
2 0.4257118504476377 0.2793473097389735 0.05085815027015243 0.11761447510489073
2 0.4828522278522994 0.27815074002802315 0.031051592558271324 0.0413120842330974
0 0.7359375 0.41484375 0.471875 0.4703125
0 0.26640625 0.825 0.4671875 0.35
2 0.8125 0.825 0.375 0.35