2 0.0234375 0.0671875 0.046875 0.134375
2 0.08125 0.0234375 0.025 0.046875
2 0.24981403855940537 0.055180814789378994 0.01720734736759475 0.04594916996194396
2 0.3234251533501954 0.0854850801124182 0.024801592558271322 0.04001750494291585
2 0.3482366695922641 0.14812700155723685 0.01984127404661713 0.032014003954332716
2 0.46328125 0.25078125 0.0328125 0.0609375
2 0.6938715734057957 0.24247127326888562 0.2082440974524129 0.378270874524299
2 0.2375 0.58515625 0.23125 0.0921875
2 0.40078125 0.7484375 0.1578125 0.353125
2 0.63203125 0.88046875 0.3046875 0.2390625
2 0.8030977512659444 0.7539711418616856 0.19135915389834962 0.2075127055509382