2 0.290625 0.06328125 0.20625 0.1265625
0 0.75 0.14921875 0.5 0.2015625
2 0.01171875 0.421875 0.0234375 0.1
2 0.05234375 0.39609375 0.1046875 0.1421875
2 0.20078125 0.31875 0.1890625 0.1375
2 0.36328125 0.3203125 0.2734375 0.140625
2 0.54453125 0.90859375 0.0890625 0.1109375
2 0.6715420942210291 0.7249579182506225 0.12656198424818452 0.15644387978345567
2 0.8406112164910233 0.7925221883088822 0.11878143515657005 0.13751202335696497
2 0.8798164640751273 0.5700334228694761 0.11836684697528099 0.15152905925034227
2 0.9078125 0.45859375 0.184375 0.2515625
2 0.9625 0.321875 0.075 0.14375