2 0.01640625 0.1015625 0.0328125 0.084375
2 0.09386103094531939 0.30043409755269074 0.04754024122451135 0.07920165258848363
2 0.08124267366089884 0.144403905431081 0.05875052586424747 0.08921368942018652
2 0.22730401675955444 0.32463889504891164 0.04887542069139794 0.07148015785015538
2 0.20461798917944735 0.08574299502067681 0.05360838479802066 0.07331567363517104
2 0.310487555951637 0.03902064248866295 0.04846624373179385 0.05741765785015547
2 0.402363852732074 0.28558555837250055 0.04575042069139794 0.07129814732681172
2 0.38965456723440806 0.1326803662508909 0.05218227711788863 0.07791216837349921
2 0.3821125033652123 0.04342815045175787 0.0457049565847754 0.06973564732681181
2 0.4335840751519669 0.04354997681658688 0.04731292069139812 0.07138915258848363
2 0.48962347499368236 0.10112028213472843 0.04882995658477522 0.06991765785015547
2 0.5359375 0.04609375 0.028125 0.0671875
2 0.8757665973217976 0.28547508240295966 0.12194451082055266 0.22392188936371688
0 0.275 0.76953125 0.55 0.4609375