2 0.096875 0.23359375 0.0421875 0.071875
2 0.14921875 0.16328125 0.0390625 0.0765625
2 0.209375 0.37890625 0.034375 0.07265625
2 0.21640625 0.22109375 0.04375 0.08046875
2 0.33671875 0.43125 0.0375 0.0640625
2 0.3453125 0.1890625 0.0421875 0.0640625
2 0.4546875 0.165625 0.03984375 0.0484375
2 0.51328125 0.43046875 0.034375 0.0640625
2 0.5203125 0.27578125 0.03984375 0.0703125
2 0.52421875 0.18515625 0.034375 0.0625
2 0.575 0.19609375 0.03515625 0.0640625
2 0.62265625 0.265625 0.03828125 0.0625
2 0.68828125 0.22421875 0.0421875 0.06015625
2 0.7546875 0.2421875 0.03203125 0.0546875
2 0.77421875 0.39609375 0.040625 0.078125
2 0.83203125 0.275 0.0328125 0.06484375
2 0.865625 0.3109375 0.03203125 0.053125