2 0.50390625 0.0515625 0.0484375 0.08125
2 0.6055152980187719 0.01990582766696498 0.031540901336727246 0.02609127404661713
2 0.6086584793523173 0.021577455071626693 0.03143181333545435 0.01671627404661713
2 0.8073777900222717 0.052725795267645384 0.028470445337363516 0.030669646641955418
2 0.9322505206874536 0.04615339145411383 0.02988749466899989 0.018224210344286274
2 0.990625 0.0421875 0.01875 0.0375
2 0.0421875 0.7359375 0.084375 0.3375
2 0.5155106527291335 0.5297272278522994 0.028797709341181487 0.05879464664195542
2 0.5503321900859051 0.7035293156012474 0.03819089067472685 0.060684528855940556
2 0.5954975973901793 0.4911310085223385 0.027035214672181597 0.04155258293962447
2 0.6866974987666772 0.8121553258528664 0.03522952267663584 0.07463790145127866
2 0.8125 0.4609375 0.028125 0.04375
2 0.99765625 0.51640625 0.0046875 0.0578125