2 0.5123106651018694 0.3050498981923628 0.1780896803253758 0.2676374440483629
2 0.8207180627407371 0.26403948713438324 0.16554422852997774 0.25946123119538156
0 0.17734375 0.7234375 0.2828125 0.46875
2 0.44921875 0.4984375 0.0296875 0.01875
2 0.5779583909995685 0.5288187041439999 0.020476126463433175 0.028716033386094873
2 0.6669668697259379 0.6512499821198183 0.044031801131468026 0.049710494985435005
2 0.774179406026683 0.5449879587628533 0.026753397540672096 0.03358538981258556
2 0.7365264325648709 0.9227097934817318 0.07739881303532492 0.14597774122451135
2 0.8217720235131258 0.5326638035108615 0.030032933645025395 0.060238818025830906
2 0.8174163216195318 0.5898314458307297 0.029969301131468028 0.04930131802583091
2 0.8312152012062229 0.5441097688711255 0.017360216822512698 0.03018760517284953
2 0.8664259933607006 0.5524618264721152 0.018931807181592396 0.031795569279472156
2 0.8922163337197802 0.5532741687128409 0.036137487899751616 0.035420674452321686
2 0.8901316589535494 0.597873614872775 0.04261474687674216 0.0746650308788123
2 0.926814047517231 0.5905552083671419 0.029987481849627427 0.052426318025830906
2 0.9677890263417961 0.6495293915949523 0.026726126463433177 0.028897889812585474