2 0.0125 0.12734375 0.02421875 0.0453125
2 0.0359375 0.0828125 0.0203125 0.040625
2 0.053125 0.17734375 0.040625 0.07265625
2 0.065625 0.05625 0.01171875 0.01875
2 0.1015625 0.11015625 0.01953125 0.0390625
2 0.1 0.07421875 0.015625 0.0203125
2 0.14921875 0.22578125 0.0421875 0.09296875
2 0.15625 0.1296875 0.0296875 0.05546875
2 0.15078125 0.07421875 0.01484375 0.03515625
2 0.17578125 0.2078125 0.025 0.05546875
2 0.18125 0.11328125 0.0234375 0.040625
2 0.2203125 0.07578125 0.01875 0.0265625
2 0.24140625 0.121875 0.02265625 0.05078125
2 0.26015625 0.09453125 0.01875 0.04375
2 0.31015625 0.16796875 0.04375 0.0828125
2 0.35859375 0.1359375 0.021875 0.04765625
2 0.38203125 0.34765625 0.05 0.1109375
2 0.3984375 0.175 0.0375 0.07265625
2 0.4328125 0.13359375 0.0234375 0.040625
2 0.43828125 0.090625 0.02421875 0.0265625
2 0.49140625 0.18125 0.03046875 0.05390625
2 0.5 0.12734375 0.0171875 0.03359375
2 0.55234375 0.2359375 0.04765625 0.09609375
2 0.55 0.11484375 0.01953125 0.04375
2 0.584375 0.14453125 0.028125 0.05703125
2 0.62578125 0.23046875 0.0390625 0.0828125
2 0.62734375 0.153125 0.02265625 0.04375
2 0.71796875 0.2046875 0.03203125 0.06875
2 0.75625 0.2015625 0.0359375 0.065625
2 0.80390625 0.18125 0.03046875 0.05703125