2 0.00390625 0.01171875 0.0078125 0.0234375
2 0.04357781842154233 0.10186317474160074 0.03601170783841656 0.05845285009228505
2 0.05531328879637112 0.047887073569581495 0.021312710345699058 0.03567668414544116
2 0.10077420447320425 0.15768357572904984 0.059159702823851565 0.10360466378737554
2 0.10584448620994644 0.03603911320597856 0.024755959092057724 0.04681444324473982
2 0.1380492324490227 0.06684902221299213 0.03454013605166182 0.06147772054263574
2 0.1742344365265156 0.1537587368955317 0.04937552586424747 0.08894138648947969
2 0.18060044530200425 0.07664552437246046 0.027880959092057723 0.04701470234403846
2 0.26826558135366607 0.1305133991417478 0.03959134890464337 0.07427810919158376
2 0.30654683135366606 0.12806022517533944 0.04418792069139812 0.07145349784053168
2 0.3552882082341279 0.10849989436138582 0.037665136051661816 0.0616779796419344
0 0.6875 0.29453125 0.5375 0.5890625
2 0.6140625 0.9390625 0.08125 0.121875
2 0.6809738330030187 0.8579258027500906 0.13646165188677947 0.2411232526208936
2 0.8072060608996949 0.7308650501291969 0.0943818004748536 0.18851988433001132