2 0.06015625 0.16542821651354248 0.025 0.035146350249557125
2 0.1765625 0.071875 0.11875 0.14375
0 0.65625 0.28984375 0.575 0.5796875
2 0.2171875 0.9515625 0.06875 0.096875
2 0.26328125 0.8852685742508235 0.0390625 0.08177164101493303
2 0.421875 0.6140625 0.09375 0.06875
2 0.51875 0.6590064937600617 0.0734375 0.1209181851080741
2 0.69140625 0.7602808970460657 0.08125 0.1435225133110606
2 0.78359375 0.7485744698413076 0.071875 0.12858481946747685
2 0.8703125 0.7933887628944589 0.0671875 0.13127222254568488
2 0.94140625 0.8461193995416372 0.08125 0.1669600133110606