2 0.0875 0.365625 0.0234375 0.05859375
2 0.13359375 0.24921875 0.028125 0.06875
2 0.353125 0.3828125 0.08984375 0.15625
2 0.49921875 0.303125 0.0796875 0.1546875
2 0.590625 0.33828125 0.0765625 0.1328125
2 0.75078125 0.3296875 0.02734375 0.05859375
2 0.75 0.25 0.0140625 0.0234375
2 0.76875 0.25078125 0.01171875 0.0171875
2 0.79765625 0.30078125 0.03046875 0.0546875
2 0.81328125 0.23515625 0.009375 0.0171875
2 0.88046875 0.28828125 0.04609375 0.0796875
2 0.896875 0.23125 0.0109375 0.01953125
2 0.9296875 0.221875 0.00390625 0.02734375
2 0.98046875 0.25078125 0.01171875 0.01953125