2 0.025 0.2171875 0.01875 0.02734375
2 0.03203125 0.38125 0.015625 0.053125
2 0.07578125 0.1890625 0.01875 0.0328125
2 0.0875 0.31875 0.0265625 0.053125
2 0.13984375 0.20703125 0.0421875 0.0546875
2 0.16171875 0.3765625 0.01875 0.0328125
2 0.23125 0.4203125 0.0953125 0.16796875
2 0.21328125 0.1921875 0.0125 0.02734375
2 0.2265625 0.13984375 0.0171875 0.0296875
2 0.26328125 0.184375 0.01640625 0.0296875
2 0.29140625 0.53828125 0.01484375 0.071875
2 0.3296875 0.153125 0.01875 0.0296875
2 0.3640625 0.36640625 0.0265625 0.0296875
2 0.37421875 0.346875 0.034375 0.05625
2 0.3890625 0.39375 0.0046875 0.0328125
2 0.4203125 0.16171875 0.0171875 0.02578125
2 0.45859375 0.18046875 0.0109375 0.01953125
2 0.475 0.25 0.03046875 0.04921875
2 0.46953125 0.1984375 0.01171875 0.0171875
2 0.4953125 0.19375 0.01953125 0.03515625
2 0.5046875 0.17109375 0.0109375 0.0140625
2 0.5109375 0.3734375 0.0203125 0.0453125
2 0.5296875 0.61875 0.0515625 0.09140625
2 0.5453125 0.2140625 0.0203125 0.025
2 0.57109375 0.21484375 0.01484375 0.03125
2 0.6125 0.240625 0.01171875 0.01953125
2 0.61796875 0.35234375 0.0140625 0.01953125
2 0.62734375 0.22890625 0.03203125 0.06015625
2 0.6296875 0.15625 0.0125 0.0234375
2 0.66953125 0.5140625 0.0421875 0.06640625
2 0.66171875 0.4453125 0.02265625 0.03671875
2 0.66484375 0.18203125 0.01640625 0.03671875
2 0.678125 0.2359375 0.028125 0.0296875
2 0.690625 0.1828125 0.0171875 0.02734375
2 0.7078125 0.20234375 0.01171875 0.0296875
2 0.7265625 0.3703125 0.021875 0.03515625
2 0.74375 0.6859375 0.05 0.08203125
2 0.73125 0.2390625 0.01875 0.04296875
2 0.73515625 0.38671875 0.00390625 0.03671875
2 0.7484375 0.40703125 0.0203125 0.05078125
2 0.7703125 0.440625 0.03984375 0.0609375
2 0.84296875 0.271875 0.09453125 0.14453125
2 0.8046875 0.4421875 0.01171875 0.03515625
2 0.81796875 0.3578125 0.0203125 0.03125