2 0.0125 0.084375 0.025 0.05
2 0.11807172648687417 0.08613201344396333 0.01887726502711473 0.02274829528527027
2 0.1280229225267357 0.25515384119422235 0.056686337235821685 0.0776198858558109
2 0.13779789832623884 0.18596719355158714 0.031486349336070064 0.042080492142117266
2 0.21937969643264488 0.1251516639820826 0.02991475897699054 0.04044521753501122
2 0.15741901015534082 0.4381097363556581 0.06928633118569749 0.09538958271265763
2 0.2546875 0.01015625 0.028125 0.0203125
2 0.2231814073032293 0.14293847746431795 0.012709078258831141 0.0365196968568469
2 0.23086209709657482 0.16523085442878874 0.031568162567786474 0.056142992142117265
2 0.24392063329912422 0.2028935202683889 0.05352497579950324 0.07122433664159918
2 0.3109375 0.0671875 0.0375 0.134375
2 0.2766740459651068 0.21152150351916585 0.020530668617910662 0.03844606989237605
2 0.31072685909862746 0.13105059946638992 0.02677157825883114 0.03717466832079959
1 0.58359375 0.10234375 0.1765625 0.2046875
0 0.16484375 0.7546875 0.3296875 0.490625
2 0.5890625 0.88515625 0.328125 0.2296875