2 0.08984375 0.11640625 0.1796875 0.2328125
2 0.47198462686682274 0.23595656888376074 0.042017081637205765 0.02774456677218957
2 0.46328125 0.41171875 0.0265625 0.0234375
2 0.49238349954977406 0.620712002111571 0.024911468792335523 0.028806961599340042
2 0.8820600689740496 0.04695127553504306 0.032887743102595124 0.03215928213245363
2 0.8782456722079814 0.08996548964166573 0.02655585594746519 0.030414925705962936
2 0.8943896506112555 0.020070526788684262 0.022857645861557075 0.0193864974927175
2 0.7756530229555224 0.6335312847062431 0.03305151741285446 0.035284282132453625
2 0.7717534170080571 0.663286980866177 0.036012743102594946 0.03225021034569906
2 0.889725404795127 0.12395404473537294 0.03773901741285464 0.035420674452321686
0 0.29375 0.81875 0.3125 0.259375
2 0.48203125 0.71171875 0.0484375 0.0453125
2 0.625 0.7203125 0.084375 0.0625
2 0.8921875 0.77109375 0.215625 0.1640625