2 0.2078125 0.17578125 0.415625 0.3515625
2 0.54609375 0.1578125 0.0140625 0.0625
2 0.9282245231945236 0.23802199917593966 0.0284088428896375 0.046549668320799584
2 0.990625 0.24296875 0.01875 0.0890625
2 0.9921875 0.28359375 0.015625 0.0828125
0 0.26953125 0.7 0.5390625 0.6
2 0.5453125 0.42734375 0.0125 0.0546875
2 0.56015625 0.415625 0.0359375 0.03125
2 0.575 0.49375 0.071875 0.096875
2 0.6298864767682953 0.48287008044085533 0.04122717787060921 0.05494436517764641
2 0.57109375 0.6875 0.0640625 0.125
2 0.6480979658938805 0.5334865105484792 0.06737318380210837 0.08423375889134017
2 0.6974904708367964 0.5077929977281976 0.039410009885831696 0.048621590570540586
2 0.7216747287454618 0.4692377659251627 0.03421317391627667 0.03590326674922299
2 0.7291277900004375 0.5733794563718687 0.05248301285158128 0.06326628742738745
2 0.760693466388172 0.5259029888368575 0.03121550790866543 0.03888271753501131
2 0.7596973576812039 0.6460335523190929 0.08720552273741297 0.1116695541766104
2 0.8110927144110057 0.5329128141059172 0.037911176882026255 0.050111315963434724
2 0.8289686225099515 0.5726281315170938 0.051047846843970034 0.06631851282028159
2 0.8274286857420936 0.6678314696064351 0.0725063527754692 0.09538958271265771
2 0.8630743670727441 0.5967719528572121 0.04103617688202625 0.0502568651776464
2 0.9221681827763442 0.6774547185729778 0.06093218281352506 0.07925516046291677
2 0.957596346806789 0.6882809026095431 0.06243101581733086 0.07776543507002262
2 0.990625 0.6859375 0.01875 0.065625