1 0.6225783527039368 0.2289556679320004 0.05049875269929238 0.09391830957051335
1 0.6822297303029827 0.4547420301318625 0.06441954274124875 0.1140556837335172
1 0.6954238568531217 0.21299234472435297 0.035985966806520865 0.06596843540750959
1 0.743873012247062 0.19737330895752542 0.03451855518880329 0.0874965918667586
1 0.7769106551934477 0.20709941266482815 0.05085395020978147 0.09860580957051335
1 0.8311371365221157 0.23653274424243736 0.0451008576783142 0.08402304425938692
1 0.8706974666060283 0.26995733263861366 0.05085395020978147 0.09860580957051343
1 0.9365359541584736 0.28628454005321907 0.06477474025173784 0.1187431837335172
1 0.98046875 0.165625 0.0390625 0.078125
1 0.59609375 0.18125 0.0140625 0.071875
0 0.29453125 0.8546875 0.5890625 0.290625
1 0.703125 0.74140625 0.06875 0.0640625
1 0.96953125 0.89453125 0.0609375 0.1640625
1 0.9 0.76796875 0.053125 0.1171875