2 0.58203125 0.26171875 0.2515625 0.1765625
2 0.775 0.27109375 0.15625 0.1578125
2 0.08976719326863938 0.47840238992841416 0.08597495735199914 0.14241428413027996
2 0.1715717239417754 0.42601386632147803 0.07643632535009015 0.12780575256024881
2 0.26600297660727545 0.4291017979903312 0.07334768801718106 0.13074874203690506
2 0.43828125 0.43515625 0.2578125 0.1703125
2 0.5280489906110934 0.540339489759005 0.050890885343726745 0.07947466837349922
2 0.559998424610139 0.5455051318947322 0.07294769867918127 0.09637374203690507
2 0.6148768286123661 0.5259136977362173 0.06359088001272664 0.09739021046687402
2 0.6681836419478205 0.5071945188393745 0.11713405068427196 0.13642188936371688
2 0.8390625 0.43203125 0.15625 0.1640625
2 0.94609375 0.4421875 0.1078125 0.184375