2 0.0640625 0.21484375 0.128125 0.3484375
0 0.69453125 0.23125 0.6109375 0.315625
2 0.1792600731682498 0.6848462808416402 0.16484873986054147 0.15522532541528272
2 0.40078125 0.596875 0.0234375 0.075
2 0.44021935250134503 0.5851082942598755 0.09813113342392406 0.13539488433001132
2 0.5181258312140216 0.5869897717423417 0.0139203883676025 0.021113536397194467
2 0.5445190864098016 0.552904668410854 0.04455838317182241 0.05885336829088246
2 0.5710162484105161 0.4869385094038405 0.12237701659574647 0.19294656847545247
2 0.60859375 0.41796875 0.1453125 0.0578125
2 0.8246439929626345 0.4658597555463291 0.04623014381548422 0.06051599784053163
2 0.9160720222957297 0.49427345465116507 0.07763296312533612 0.10919332973421944
2 0.9278728997675689 0.4405872501476583 0.0548074683211162 0.0719541455887783
2 0.956648109790812 0.41832102636582 0.032965319309851894 0.048777461443337077