2 0.0953125 0.40234375 0.190625 0.2734375
2 0.24453125 0.453125 0.2484375 0.171875
0 0.4375 0.28046875 0.05625 0.2578125
1 0.6453125 0.45 0.196875 0.178125
1 0.902469619564234 0.2970207131570433 0.10459138939893542 0.140465245458072
1 0.9609375 0.26796875 0.078125 0.1296875
1 0.7725911877416439 0.1896542364949026 0.07496779121570665 0.10079696757828502
1 0.832811339558415 0.14698863331070386 0.08447033697334128 0.10312474212409217
1 0.8850597525850737 0.04520312164177429 0.057302059093554014 0.07452151000193967
1 0.971875 0.0375 0.05625 0.071875
1 0.825 0.028125 0.05625 0.05625
2 0.259375 0.59453125 0.271875 0.1109375
1 0.81484375 0.68125 0.3703125 0.284375