2 0.01796875 0.26796875 0.0359375 0.1546875
2 0.1515625 0.4109375 0.146875 0.05625
2 0.5479782094182164 0.07995540634542028 0.05594208279171564 0.07378472958157997
2 0.7157872723244296 0.13975453619715275 0.05437958279171564 0.07373016587924894
2 0.77109375 0.01796875 0.0609375 0.0359375
2 0.871875 0.02890625 0.05625 0.0578125
2 0.94765625 0.0203125 0.0609375 0.040625
2 0.98984375 0.04453125 0.0203125 0.0640625
2 0.9703125 0.19609375 0.059375 0.0890625
2 0.07043208766627487 0.6898983468194407 0.021103432629559826 0.04602182813030105
2 0.14732582427359428 0.718380500084818 0.02255683847375849 0.039826391832631994
2 0.25040991396516876 0.7243254544386545 0.017569329545304768 0.02247520072563951
2 0.28286785795881436 0.7457837921876025 0.02880683847375849 0.040044646641955416
2 0.32823885917663026 0.7887996714063628 0.020748876623205348 0.025709328130301044
2 0.38923090625453105 0.787802655797266 0.024037517856907442 0.035193455534962934
2 0.4055047426996946 0.8407466065229056 0.043305715096964015 0.06553571996293321
2 0.44296875 0.959375 0.0140625 0.021875
2 0.7041349318220762 0.7956449268486583 0.246360351459402 0.24751987386128266