2 0.065625 0.415625 0.07109375 0.15
2 0.06796875 0.1 0.0578125 0.09375
2 0.13828125 0.13359375 0.03984375 0.06875
2 0.16171875 0.059375 0.0421875 0.0640625
2 0.3265625 0.30703125 0.046875 0.125
2 0.3296875 0.0328125 0.0328125 0.0625
2 0.35078125 0.1703125 0.0390625 0.071875
2 0.4359375 0.09375 0.0234375 0.046875
2 0.47734375 0.3890625 0.05 0.09921875
2 0.50390625 0.11171875 0.03515625 0.05703125
2 0.54296875 0.0765625 0.0234375 0.0484375
2 0.59921875 0.109375 0.034375 0.0625
2 0.6078125 0.1578125 0.04375 0.078125
2 0.65625 0.459375 0.05078125 0.1234375
2 0.6890625 0.3234375 0.0515625 0.08203125
2 0.715625 0.08828125 0.0375 0.06015625
2 0.74296875 0.0296875 0.02734375 0.04453125
2 0.7640625 0.19609375 0.02421875 0.0640625
2 0.9203125 0.11796875 0.0453125 0.0609375