2 0.05582799793127589 0.418289253157546 0.08432155068427191 0.13693265494824053
2 0.22671375728041152 0.3167150656459253 0.05566929201145401 0.08915953628657398
2 0.325 0.43359375 0.05 0.1109375
0 0.63359375 0.4234375 0.5671875 0.490625
2 0.096875 0.90078125 0.19375 0.1984375
2 0.39474559460536646 0.7495105673893516 0.014717028007636013 0.05748030933083328
2 0.41690240527532085 0.7272056319039812 0.03030566534054513 0.05572231969842587
2 0.45298535594368444 0.7178497557494442 0.042769302673454225 0.05369092799249984
2 0.45533819661045716 0.717273557304583 0.04611247867599957 0.07271433006601846
2 0.5232887652769117 0.7247825524036107 0.028688621339908772 0.05089811866166656
2 0.5586450099459116 0.710670825730694 0.038263616008908666 0.06890582488222208
2 0.58046875 0.68203125 0.0171875 0.0265625
2 0.6093797119271397 0.8535315604621291 0.03681020401018138 0.07814412384546295
2 0.61171875 0.67578125 0.0203125 0.0140625
2 0.6501047092616397 0.8484920374178696 0.06522610534690845 0.1056047425071295
2 0.63359375 0.68046875 0.0265625 0.0234375
2 0.7011234112826387 0.6981106200757863 0.030232940006363406 0.04947231969842587
2 0.7830262972629123 0.8507366255424065 0.08793744668999892 0.17939355702175916
2 0.8099166086091845 0.7576796926489342 0.03982611600890884 0.06904252591898138
2 0.8239069306174567 0.697904151461388 0.030287484006999675 0.05415981969842587
2 0.8954546666136387 0.7323173991523136 0.03826361600890884 0.06890582488222208
2 0.97109375 0.91484375 0.0578125 0.0984375
2 0.984375 0.7421875 0.03125 0.075