2 0.02265625 0.21796875 0.0453125 0.2609375
2 0.23828125 0.10625 0.1609375 0.2125
2 0.43984375 0.1390625 0.0578125 0.278125
1 0.7375879210537978 0.34898590408177554 0.0362920240041051 0.061146578258831144
1 0.8203731499765589 0.34381661505055583 0.044213608313060516 0.07994203005422928
1 0.9439964814568439 0.24075018150372615 0.03944429508134384 0.06585225897699046
1 0.551927677005726 0.39772390681225006 0.020503397540672007 0.03293067466803503
1 0.8498379361791082 0.30536264822804304 0.017351126463433175 0.02822499394987581
1 0.8966674843837101 0.2972774374556545 0.02209316861791084 0.037627265027114734
1 0.6314879119786114 0.37538529849918945 0.015861349336070064 0.040715903590796285
0 0.3359375 0.76953125 0.265625 0.4609375
1 0.73125 0.79921875 0.525 0.4015625