0 0.79765625 0.2578125 0.4046875 0.421875
2 0.01484375 0.9578125 0.0296875 0.08125
2 0.07128300562918966 0.9141124352025465 0.03976387272903605 0.05001912384546294
2 0.1390625 0.97109375 0.1 0.0578125
2 0.10108207593263141 0.9225209660225001 0.0604270590935541 0.07509703628657398
2 0.1414362668390773 0.8481757854381021 0.0838326081851685 0.09576085080120364
2 0.18839101517208734 0.835412653816945 0.04288887272903601 0.05029252591898139
2 0.32890625 0.96796875 0.1109375 0.0640625
2 0.24527874396026003 0.8383039164936117 0.05522937606301594 0.06843693317629622
2 0.24078269153466572 0.802503117530371 0.03144118969849785 0.04308561866166656
2 0.301719933658758 0.874281081243797 0.0638071506088231 0.07849543836009261
2 0.3644590497198342 0.8813813902918064 0.09017820303441759 0.1164834539114814
2 0.3513693762321938 0.807777794957223 0.056791876063016035 0.06857363421305536
2 0.43432565531992895 0.7155424853435657 0.03262105242559432 0.03853481969842587
0 0.7296875 0.73671875 0.540625 0.5265625