2 0.175 0.06640625 0.184375 0.1328125
2 0.23046875 0.01328125 0.0234375 0.0265625
2 0.260359668959292 0.02847796136156373 0.017842264427970277 0.01884999394987581
2 0.2752307008104574 0.02917285295030734 0.014608137023308565 0.015706813231716587
2 0.41875 0.04921875 0.159375 0.0984375
2 0.4982515385594054 0.06069452196100165 0.02156746515360979 0.03605567466803503
2 0.5265625 0.38984375 0.034375 0.1421875
2 0.5903274550716266 0.327637103146699 0.09062997840045366 0.13487496974937904
2 0.0578125 0.67421875 0.115625 0.3109375
2 0.3096578084296713 0.6932701517440845 0.11588792794496676 0.2318772347764936
2 0.7546875 0.759375 0.490625 0.48125