2 0.11484375 0.51015625 0.1640625 0.0984375
0 0.809375 0.32421875 0.38125 0.4703125
2 0.0875 0.9625 0.153125 0.075
2 0.15 0.97734375 0.109375 0.0453125
2 0.1890625 0.95 0.10625 0.1
2 0.24558419569641057 0.9053393991110111 0.09838250569998319 0.11833515394280311
2 0.28491449346683756 0.8790318616883261 0.07228989926336596 0.10066942182065049
2 0.31619734445557324 0.8598353225986515 0.07988387797604232 0.0981821506088231
2 0.37651748542106594 0.8670895842675812 0.06429172896477801 0.07515923879011233
2 0.3586201552154506 0.7444493097217739 0.05280792574646931 0.06645391848667064
2 0.4479061663633154 0.899327870482318 0.06440098960843983 0.07672173879011232
2 0.491781852501345 0.8935879245749021 0.022169930942249394 0.028220594849248926
0 0.809375 0.8203125 0.38125 0.359375