2 0.07578125 0.2203125 0.1515625 0.178125
2 0.41602882073517866 0.1701124782485069 0.006777258672817898 0.0454579703647223
2 0.48088111405949724 0.10217878941892353 0.0206761266709089 0.03172277868534721
2 0.5440174607335878 0.15541158577170125 0.039917022676635924 0.07434668977951393
2 0.73515625 0.03125 0.0484375 0.0625
2 0.8749487400540884 0.05315222264583293 0.04638519867918127 0.09324216014423622
2 0.021875 0.56484375 0.04375 0.1265625
2 0.022116830760632044 0.8621622403132634 0.028071550684271963 0.1303057490500695
2 0.15653509472467916 0.5941181422893744 0.03559314934754489 0.1054875870059723
2 0.24211805872054298 0.5616491747744438 0.07283861067790856 0.08448540919430556
2 0.38251579205122505 0.5388448415681937 0.041479522676635835 0.0743830573706945