2 0.20859375 0.06484375 0.2609375 0.1296875
2 0.63359375 0.29375 0.0671875 0.18125
2 0.7127180922276797 0.30854197248053666 0.14190932588823219 0.2100533504819156
2 0.8112497915657257 0.24553278360244485 0.0984461162111037 0.14460688445215322
0 0.3671875 0.75 0.465625 0.5
2 0.615625 0.6359375 0.03125 0.05625
2 0.6237263285788285 0.5487061529886667 0.04466183664159915 0.0578073878001379
2 0.6813547380082879 0.5796161257143986 0.019807385855810856 0.05815763947413029
2 0.7095353959900053 0.5586124947328278 0.03535961124870499 0.05832935717788503
2 0.7479258079006641 0.5520199113586285 0.04771406203449331 0.056591731340888886
2 0.750305945204217 0.5509785287030653 0.05171235731976358 0.07568857488163978
2 0.8150212626153938 0.5632260643472953 0.033578787427387444 0.05346843540750958
2 0.853666385650923 0.551164730973096 0.04375430810555185 0.07169646602976236
2 0.884445504757511 0.524432217335962 0.019987168320799588 0.028643561244505733
2 0.8608880725829724 0.6964789350397168 0.042628455748187036 0.08089804425938692
2 0.9078125 0.50859375 0.03125 0.0171875
2 0.91796875 0.5140625 0.0234375 0.028125
2 0.9029300233687607 0.6949215472395789 0.07348034946188076 0.10919305789652096
2 0.93828125 0.51953125 0.0296875 0.0390625
2 0.98984375 0.546875 0.0203125 0.053125