2 0.07109375 0.12734375 0.1421875 0.2546875
2 0.6171875 0.3734375 0.075 0.071875
2 0.6665764306042602 0.3779324539704104 0.038318206168510206 0.04731135200509069
2 0.72109375 0.3828125 0.0484375 0.053125
2 0.7232491704579905 0.3530591759627745 0.02727161201270878 0.04093408267027243
2 0.8306662041432105 0.3744609139481388 0.049528441558013635 0.06306362133990877
2 0.9281236310907277 0.2952177619350939 0.028752291395857908 0.03626476400381797
2 0.98671875 0.35234375 0.0265625 0.0765625
2 0.26171875 0.98203125 0.0484375 0.0359375
2 0.51484375 0.975 0.0890625 0.05
2 0.6125 0.4578125 0.096875 0.096875
2 0.80078125 0.46171875 0.0921875 0.1046875