2 0.25625 0.24765625 0.0421875 0.11015625
2 0.34453125 0.3109375 0.02734375 0.0546875
2 0.396875 0.4640625 0.03515625 0.0734375
2 0.43046875 0.32578125 0.03125 0.08828125
2 0.53828125 0.29296875 0.03828125 0.06875
2 0.57109375 0.59140625 0.0109375 0.053125
2 0.60625 0.2921875 0.0140625 0.01796875
2 0.6453125 0.7578125 0.05078125 0.08828125
2 0.65703125 0.5046875 0.0375 0.0546875
2 0.66328125 0.3859375 0.015625 0.0265625
2 0.7140625 0.40234375 0.021875 0.04375
2 0.765625 0.3203125 0.025 0.04375
2 0.79765625 0.36171875 0.0359375 0.06015625
2 0.84375 0.26875 0.046875 0.09140625
2 0.9484375 0.37578125 0.028125 0.0671875