2 0.0203125 0.1 0.040625 0.121875
2 0.058606708112534454 0.19505379318014135 0.04673083605604163 0.06384125693983034
2 0.04859266242534686 0.35637202498154413 0.06126611474138901 0.08505492288667434
2 0.13257023176388866 0.24439126156330876 0.06311955547083344 0.09765505243632351
2 0.24488839380798585 0.25941308913805994 0.06275587955902787 0.08203005243632351
2 0.30762412994027744 0.2869058358988574 0.020821646276527873 0.023176684145441228
2 0.32462783235322873 0.39675120526947383 0.02412848423243048 0.031189443244739934
2 0.36605161293843713 0.43226720311000555 0.03706489532659738 0.0507404796419344
2 0.44474096381211775 0.379411115817647 0.040226262917777686 0.0525032387412331
2 0.4578125 0.4265625 0.05625 0.065625
2 0.5366199924974648 0.3649561944721323 0.07892639342673605 0.10646884793281668
0 0.2828125 0.7890625 0.565625 0.421875
0 0.809375 0.7296875 0.38125 0.540625