2 0.2734375 0.421875 0.221875 0.09375
0 0.76484375 0.27578125 0.4703125 0.3859375
2 0.22938634144394365 0.5835155158822454 0.05956068380210837 0.08485466378737563
2 0.29765625 0.4921875 0.0609375 0.046875
2 0.41015625 0.4921875 0.0609375 0.046875
2 0.3622982950177155 0.7665759446290158 0.02872717787060921 0.05482720234403846
2 0.47771907068369696 0.5012489381506108 0.01964133794672147 0.023076554595791877
2 0.38828125 0.94765625 0.0796875 0.1046875
2 0.46863186665281453 0.7180661983296436 0.05573534684397004 0.06746690468807692
2 0.5070802599230128 0.609882260945 0.02464717292769336 0.031189443244739934
0 0.76484375 0.76171875 0.4703125 0.4765625