2 0.16640625 0.19453125 0.3328125 0.3890625
2 0.4515625 0.2953125 0.04375 0.075
2 0.506611009958949 0.3063648946133206 0.0834488251355733 0.11033861067790855
2 0.49922575683569115 0.23301830128104778 0.05349770472226432 0.06468066534054522
2 0.5880069765850701 0.1460535559357302 0.02989657825883114 0.036282945337363516
2 0.6697382447354427 0.1966615359245944 0.0613920179539809 0.07883407200827222
2 0.7162865126894236 0.11800018658500377 0.05346134328594587 0.05843066534054504
2 0.7290455879231927 0.0733234859166402 0.02836134933607006 0.040952264003817976
2 0.7879160729942739 0.1593513452419133 0.08494769262201593 0.0994192920114541
2 0.93984375 0.32109375 0.1203125 0.1359375
2 0.8490944675098838 0.1172360232336409 0.042560204722264315 0.06455339600572714
2 0.8315393288480063 0.04635135856941357 0.0519079336450254 0.059974984006999674
2 0.9203125 0.00625 0.03125 0.0125
2 0.984375 0.11796875 0.03125 0.1203125
2 0.984375 0.02421875 0.03125 0.0484375
2 0.11015625 0.47421875 0.2203125 0.1703125
2 0.184375 0.428125 0.221875 0.078125
2 0.47734375 0.634375 0.0953125 0.16875
2 0.5210694614597596 0.6576268552673666 0.036237481849627426 0.051980670671545326
2 0.546875 0.4921875 0.15625 0.20625