2 0.009375 0.3703125 0.0109375 0.021875
2 0.11796875 0.4421875 0.02734375 0.02734375
2 0.15234375 0.35 0.0140625 0.021875
2 0.1875 0.3125 0.01171875 0.02109375
2 0.19921875 0.29609375 0.0140625 0.01953125
2 0.2453125 0.340625 0.01484375 0.0140625
2 0.3421875 0.3828125 0.0171875 0.02890625
2 0.49609375 0.51328125 0.0328125 0.06796875
2 0.68046875 0.3765625 0.01875 0.0390625
2 0.7625 0.4578125 0.0296875 0.06875
2 0.81953125 0.3375 0.065625 0.0875
2 0.9015625 0.31640625 0.01484375 0.02109375
2 0.9625 0.35 0.0140625 0.01953125