2 0.08273826825160766 0.3197444794795219 0.033987680836358794 0.06809678213245363
2 0.11167369315646747 0.2814776013454188 0.03417868182494192 0.07278428213245362
2 0.16008201825160775 0.3219949527573446 0.07591519566510634 0.13954588479802066
2 0.28134420600804877 0.2254047607540457 0.057645356729801735 0.11248327962517113
2 0.46576562695857576 0.2104342932822107 0.06501218775644091 0.10177310015828453
2 0.525 0.2015625 0.0875 0.134375
2 0.6814105315974806 0.17511628958779402 0.1982013725471326 0.1914841210079671
2 0.4453125 0.8171875 0.246875 0.3
2 0.78515625 0.85859375 0.3828125 0.2828125
2 0.9859375 0.625 0.028125 0.034375
2 0.9953125 0.5859375 0.009375 0.025