2 0.190625 0.39375 0.159375 0.071875
2 0.246875 0.15703125 0.125 0.1296875
0 0.64375 0.34765625 0.66875 0.1640625
2 0.003125 0.7171875 0.00625 0.025
2 0.03359375 0.95 0.0671875 0.1
2 0.03209334668541677 0.7420558945090441 0.02353309484924897 0.02171431369509058
2 0.04212192198982834 0.779225227482466 0.025605777879787083 0.028064443244739935
2 0.07153861289627428 0.7111656423495758 0.020663186364518006 0.024639054595791875
2 0.09762275183616782 0.7260489651439649 0.02455346091032524 0.03421431369509058
2 0.12686371274649305 0.7605636674880033 0.024425915152690703 0.032651813695090584
2 0.24601180972177392 0.9158600416389818 0.05455969636645772 0.07810401603912887
2 0.28828125 0.94453125 0.0421875 0.0546875