2 0.07734375 0.61015625 0.0734375 0.0390625
2 0.06875 0.48478314311129084 0.071875 0.1005288489046432
2 0.14765625 0.4284853304957362 0.08125 0.1226766335443795
2 0.22890625 0.20584946404011567 0.071875 0.10834134890464338
2 0.31171875 0.48716531169111776 0.09375 0.15116534639736087
2 0.434375 0.4751092440609982 0.10625 0.17184155925034225
0 0.76484375 0.4484375 0.4703125 0.3625
2 0.05234375 0.746875 0.1046875 0.234375
2 0.16015625 0.9578125 0.1234375 0.084375
2 0.22109375 0.97421875 0.0859375 0.0515625
2 0.2734375 0.9484375 0.0875 0.103125
2 0.3421875 0.9047930808914476 0.08125 0.1086141335443795
2 0.3875 0.8826740399835054 0.0546875 0.09690374373179385
2 0.42265625 0.8657282323825157 0.0640625 0.09092652837152997
2 0.4828125 0.8784161004874889 0.053125 0.06873327962517113
2 0.48984375 0.756745688967291 0.0421875 0.06216503087881238
2 0.9671875 0.9546875 0.065625 0.090625