2 0.14375 0.13515625 0.2875 0.2703125
2 0.48046875 0.15 0.3140625 0.3
2 0.678125 0.29921875 0.0375 0.2203125
2 0.7296875 0.328125 0.140625 0.20625
2 0.8801414763542905 0.21985309954824211 0.151092593780867 0.20791745776545084
2 0.96953125 0.13828125 0.0609375 0.2078125
2 0.035366385696923144 0.8206688157708981 0.04628484937994446 0.09758763154179632
2 0.08207544233561895 0.8109444762518896 0.07440984937994446 0.09922572625188941
2 0.13624180146382567 0.7969876630412401 0.07367614357108562 0.11007222099021767
2 0.1902897614218694 0.7814683498305908 0.06972234937994441 0.09895271046687384
2 0.315625 0.759375 0.31875 0.38125
2 0.5875 0.7671875 0.14375 0.371875