2 0.13679726080569238 0.25309452319718695 0.18508617349399667 0.22027193637524212
2 0.770650074086929 0.21446829489469668 0.2032593208208085 0.2658482369495882
2 0.05053020598166098 0.8409699206126294 0.06070925782192056 0.08313718206764609
2 0.09970345335082502 0.835998323803439 0.048497684158514784 0.05998377166560367
2 0.1263261375093398 0.7785713729419198 0.04299113680346807 0.045373381493299905
2 0.15467865066351932 0.7713777819080967 0.04509966837349921 0.05493101155073461
2 0.14557593742463518 0.6878652024250084 0.030218121018452494 0.039224841033822955
2 0.19949759797621375 0.7079443353860795 0.0403211631118273 0.05282062137843084
2 0.20594429002723622 0.6505478252712102 0.03196263154179615 0.04253247109125766
2 0.24791198214884586 0.6627129986917584 0.03178062101845249 0.03940747109125766
2 0.27417137428457294 0.6914569076579353 0.037848610495108834 0.037012991320996134
2 0.2857760031955333 0.6520798773133276 0.025257605233436918 0.03398945086151919
2 0.3038735558122518 0.6344459466815469 0.030036110495108837 0.03609984103382295
2 0.3414498795462448 0.682041315188247 0.0525481473268119 0.049594161837907616
2 0.79609375 0.82265625 0.2921875 0.3546875