2 0.02798771766068171 0.4126900292569129 0.05129690637700648 0.08820137272903601
2 0.30390060097062427 0.3520878848570076 0.07407930913596861 0.07761455909355419
2 0.7604936804601234 0.14354038502618546 0.057799211894930556 0.06383910151720862
2 0.125 0.67265625 0.25 0.3265625
2 0.57648385063194 0.6279165454677704 0.11131371551297517 0.16466802000387942
2 0.6354837143813215 0.6552919885002483 0.0753828595655099 0.1321745133359194
2 0.6945820754171693 0.6103300459268124 0.07777087516934209 0.11836710485118865
2 0.7680295414959714 0.5719847651720874 0.07242827792830404 0.10548446757828493
2 0.816388476367109 0.5595962065375752 0.047018842152655435 0.09563123545613247
2 0.85234375 0.5515625 0.0578125 0.084375
2 0.9113701057203226 0.5759064748744647 0.047107373360319824 0.06763378121376692
2 0.9715573332190853 0.6259381679069425 0.04718926051544958 0.06919628121376711