2 0.1953125 0.15703125 0.3 0.3140625
2 0.3838465781888029 0.1756461238638149 0.12964321337743775 0.18975301535721806
0 0.83984375 0.1875 0.3203125 0.2625
2 0.03671875 0.9421875 0.0734375 0.1125
2 0.021106277568384346 0.7646618146783984 0.039980143815484225 0.06137842470954684
2 0.03215839205077335 0.7286528435522024 0.021481516091543362 0.040922982457154866
2 0.05723516568388538 0.8138332894569442 0.04688570767745457 0.07137358552859858
2 0.11146384377614327 0.8371580920854796 0.06491444183801284 0.1072989875762275
2 0.13060696370641392 0.7631064802426135 0.042995883171822416 0.0601260051190728
2 0.24391534687823632 0.6960036659092099 0.02416947351689629 0.034983062866680736
2 0.3028972269479658 0.7623032675139306 0.048666728964778014 0.07465362573336129
2 0.3727833920507734 0.6948540789138885 0.04568384059717552 0.054186085528598535
2 0.4012415278204859 0.6540146655353005 0.021372255447881728 0.039360482457154865
2 0.4255534769479657 0.7501326114400425 0.07163433540139544 0.09244918860004211
2 0.50390625 0.946875 0.1296875 0.10625
2 0.4973409956373992 0.7220620522257116 0.030823665102807495 0.06357318348096949
2 0.5063824958895007 0.6482369517138042 0.04277736188449914 0.05700100511907271