2 0.3234375 0.06953125 0.134375 0.1390625
2 0.76796875 0.1875 0.1765625 0.375
2 0.21550890885535345 0.688758078111035 0.1499010478118185 0.26891235545628833
2 0.37265625 0.5578125 0.1828125 0.15625
2 0.69296875 0.96875 0.0265625 0.0625
2 0.7488208577238853 0.9098721387683444 0.06140110831306052 0.08681007223995003
2 0.7972810836215845 0.9081168569878713 0.029932939695149673 0.04565747109125766
2 0.8489753938282387 0.9247463150925291 0.03784543364502548 0.06375812137843084
2 0.8565833607489474 0.8886769148053562 0.020539758976990452 0.04143669074665013
2 0.8890625 0.96796875 0.04375 0.0640625
2 0.94609375 0.96953125 0.0609375 0.0609375
2 0.9591725504440971 0.9189021460433888 0.039398843285945874 0.062378251435865194