2 0.046875 0.36015625 0.09375 0.1671875
2 0.021875 0.10078125 0.04375 0.0828125
2 0.18378334275518182 0.17421875 0.08605774440092259 0.1046875
2 0.146875 0.0109375 0.040625 0.021875
2 0.19126211080181385 0.04609375 0.04727866431701004 0.0671875
2 0.24970249544982978 0.075 0.06550844606059662 0.1015625
2 0.2578125 0.01484375 0.04375 0.0296875
2 0.43203125 0.0265625 0.0484375 0.053125
2 0.534375 0.03046875 0.03125 0.0609375
2 0.7921875 0.20625 0.246875 0.4125
2 0.05859375 0.64140625 0.1171875 0.3640625
2 0.89921875 0.98125 0.0546875 0.0375