2 0.00625 0.484375 0.0125 0.078125
2 0.08125 0.83125 0.14453125 0.1578125
2 0.0828125 0.4703125 0.0234375 0.040625
2 0.1109375 0.571875 0.0703125 0.078125
2 0.10625 0.490625 0.0359375 0.0609375
2 0.1734375 0.43984375 0.05390625 0.07578125
2 0.22109375 0.4484375 0.0265625 0.040625
2 0.28046875 0.6578125 0.071875 0.1
2 0.27109375 0.475 0.03203125 0.05625
2 0.28203125 0.440625 0.01640625 0.0375
2 0.30703125 0.53125 0.03828125 0.06484375
2 0.3609375 0.5640625 0.0515625 0.09765625
2 0.3796875 0.4921875 0.03515625 0.0546875
2 0.49296875 0.44375 0.01953125 0.03125
2 0.5515625 0.52109375 0.03984375 0.06796875
2 0.621875 0.46484375 0.0390625 0.046875
2 0.65 0.428125 0.01640625 0.03671875
2 0.67421875 0.5296875 0.059375 0.08203125
2 0.7875 0.853125 0.159375 0.28515625
2 0.74609375 0.51328125 0.021875 0.06015625
2 0.7546875 0.440625 0.03515625 0.05078125
2 0.85625 0.4234375 0.01953125 0.03515625
2 0.90234375 0.57734375 0.0640625 0.103125
2 0.9203125 0.47578125 0.0421875 0.05078125
2 0.9515625 0.4203125 0.03046875 0.053125