2 0.01328125 0.19140625 0.0203125 0.0515625
2 0.03203125 0.36875 0.046875 0.096875
2 0.07578125 0.29921875 0.03203125 0.06015625
2 0.1125 0.3546875 0.0359375 0.06328125
2 0.13984375 0.3421875 0.0328125 0.06015625
2 0.1875 0.28125 0.01953125 0.04375
2 0.196875 0.42421875 0.0359375 0.05390625
2 0.24765625 0.3359375 0.03046875 0.05390625
2 0.27734375 0.45546875 0.03515625 0.0703125
2 0.38359375 0.34140625 0.028125 0.0640625
2 0.41484375 0.3859375 0.03125 0.071875
2 0.56171875 0.3390625 0.03203125 0.0890625
2 0.57890625 0.45703125 0.04765625 0.03828125
2 0.6265625 0.38125 0.03828125 0.06328125
2 0.78046875 0.13125 0.05078125 0.08671875