2 0.01796875 0.4171875 0.01484375 0.02890625
2 0.08125 0.4234375 0.08515625 0.1875
2 0.196875 0.36796875 0.021875 0.06015625
2 0.2203125 0.31171875 0.0640625 0.134375
2 0.36953125 0.40078125 0.028125 0.0671875
2 0.42421875 0.39765625 0.06171875 0.11875
2 0.50078125 0.41328125 0.00859375 0.01875
2 0.5375 0.38515625 0.0296875 0.05
2 0.584375 0.32734375 0.06953125 0.17421875
2 0.66796875 0.19375 0.0875 0.1890625
2 0.8421875 0.35234375 0.03125 0.0515625
2 0.9234375 0.39609375 0.0484375 0.0953125
2 0.95234375 0.346875 0.0359375 0.06171875
2 0.9875 0.33125 0.01953125 0.04375