2 0.0515625 0.31171875 0.103125 0.2140625
2 0.15800700497932318 0.2773158261352203 0.03966871572854576 0.06678568091374952
2 0.19190459186749584 0.2260959456363893 0.10377598933548197 0.1525348493799445
2 0.3224405022779001 0.3386174111935104 0.04793624203690498 0.07519017676456467
2 0.3769382864787671 0.34468888982288604 0.09661593671876342 0.13643625269929238
2 0.44925290223554776 0.37373592716555 0.013683068401734033 0.021259693361304156
2 0.4903483390954856 0.3517891495711484 0.043901189420186525 0.05932837842423862
2 0.547129689137838 0.30275873110495344 0.12020462613895014 0.1942254419114117
0 0.8046875 0.3 0.390625 0.6
2 0.04765625 0.659375 0.0953125 0.11875
2 0.3865030022779001 0.8777713091142736 0.1658657366340588 0.23035311867597635
0 0.8046875 0.8 0.390625 0.4