2 0.02421875 0.12421875 0.0484375 0.1984375
2 0.11762658871736131 0.05497148958825306 0.024146572008272305 0.06353882655563217
2 0.13828125 0.0328125 0.0671875 0.065625
2 0.29140953405472475 0.06540917307657508 0.030469297342454117 0.07048251363713405
2 0.3453125 0.059375 0.065625 0.11875
2 0.4227777127227702 0.06099799436503499 0.009593176002545434 0.019790530622252868
2 0.4583788580521794 0.028103043646398974 0.03183180267345413 0.05346843540750949
2 0.503125 0.02734375 0.075 0.0546875
2 0.6796875 0.33203125 0.259375 0.5171875
2 0.9390625 0.346875 0.121875 0.21875
2 0.1790180747135433 0.8120359688873566 0.0801794906906352 0.18523358851877383
2 0.6109375 0.76640625 0.121875 0.3140625