2 0.0125 0.24609375 0.025 0.0515625
2 0.06575070238457323 0.30462511008864546 0.04722952400410509 0.062028527735416714
2 0.18771660597536943 0.2861634379765621 0.13222266842151917 0.17024237765916678
2 0.21472401268942357 0.3433395051309024 0.03779998184962743 0.052435322188333446
2 0.35205181674775793 0.23546984090260356 0.16063855991206671 0.2208969943004168
2 0.7317347715682182 0.12400958330315932 0.09736587939029935 0.0866297906531945
2 0.72421875 0.5546875 0.1390625 0.05
2 0.9703125 0.0078125 0.05625 0.015625
2 0.9100683289462023 0.21828299411298557 0.10992951190385672 0.09785823138263901
2 0.51796875 0.64375 0.2640625 0.128125
0 0.825 0.79921875 0.35 0.4015625