2 0.05703125 0.121875 0.1140625 0.24375
2 0.13359375 0.04140625 0.1171875 0.0828125
2 0.38984375 0.18125 0.0578125 0.3625
2 0.48828125 0.09375 0.1390625 0.1875
2 0.6421875 0.04140625 0.146875 0.0828125
0 0.259375 0.76953125 0.31875 0.4609375
2 0.4328125 0.77578125 0.028125 0.0765625
2 0.44140625 0.684375 0.0453125 0.06875
2 0.523228857954966 0.7528884747046889 0.053504534237726276 0.05789164558877822
2 0.5618488718346266 0.8456161952473247 0.0865964389258032 0.1129191070321152
2 0.5289293429955713 0.6840080667774094 0.052642941085271566 0.06872901603912895
2 0.6554696614710237 0.8010429773255826 0.06760660703211538 0.08369268198597268
2 0.6364507487633823 0.7227980613787386 0.06291910703211538 0.08339229333702498
2 0.7278581963270587 0.6679684639073472 0.052843200184570095 0.07185401603912896
2 0.809647219306018 0.7665747470653393 0.06195738433001132 0.09266716378737563
2 0.8435692412052432 0.8831206994093778 0.06880816162790726 0.10244268198597287
2 0.8953856577703959 0.7082696961701753 0.05686936613141391 0.08611677513842757
2 0.9554708590347001 0.7595806747323754 0.0577309592838688 0.07527940468807692
2 0.99140625 0.809375 0.0171875 0.1125