2 0.14089509968941644 0.2940703164429853 0.1004381577089811 0.1979039540774929
2 0.32265625 0.26015625 0.0734375 0.2453125
2 0.36328125 0.27265625 0.0078125 0.0296875
2 0.38652611810526794 0.18203594701786385 0.016899073663405862 0.022329641066226813
2 0.4211517470868154 0.14503004051223084 0.013774073663405861 0.02223871285298138
2 0.4327416944700969 0.1290413276592494 0.016808068401734034 0.02076714106622681
2 0.4792218523202524 0.17464333267381432 0.01644404735504672 0.014517141066226813
2 0.5765287628012438 0.2195490042231421 0.02047909997176518 0.03023306927947216
2 0.7314577284592024 0.3535566282006101 0.040032736775233245 0.07135817445232177
2 0.9154470496329467 0.22064352513933166 0.022678636803468065 0.04121603338609479
2 0.9890625 0.303125 0.021875 0.071875
0 0.1796875 0.76953125 0.359375 0.4609375
0 0.59453125 0.8203125 0.4703125 0.359375