2 0.0828125 0.42734375 0.10625 0.0640625
2 0.04302119645271518 0.24659769978557425 0.07341535668871887 0.09415366431700996
2 0.1796875 0.41953125 0.10625 0.0796875
2 0.13251502121044895 0.32463834418185245 0.10895937278026224 0.1357025468904336
2 0.30390625 0.396875 0.1046875 0.125
2 0.19710240907384832 0.19251108318419022 0.06418246832111638 0.07324916846619481
2 0.20524305498301948 0.08429584148256009 0.07319683540139543 0.09102866431700996
2 0.23359375 0.03671875 0.1421875 0.0734375
2 0.5045596299928548 0.22026369458748213 0.08311813861970414 0.09955155933798814
2 0.54296875 0.04609375 0.0734375 0.0921875
2 0.95078125 0.21015625 0.0984375 0.4203125
2 0.36484375 0.675 0.4296875 0.43125
2 0.6859375 0.91171875 0.1875 0.1765625
2 0.8003373976738819 0.8129401371235936 0.24702709135348008 0.2875987788438016