2 0.03046875 0.1390625 0.0609375 0.075
2 0.12066709783093099 0.08417455066018427 0.07331350362819702 0.0920890466541664
2 0.21875 0.071875 0.14375 0.14375
2 0.1963094162577672 0.408948958200323 0.08457838584218216 0.1024209539114814
2 0.3773808561836335 0.34015787639087824 0.09649803248413757 0.13150286116879606
2 0.33203125 0.4890625 0.0828125 0.08125
2 0.44424097396964835 0.35541102097152627 0.06361112141421188 0.08189384043361106
2 0.3546875 0.5171875 0.13125 0.025
2 0.5091541566391203 0.44885751607055385 0.10598215988879929 0.13544806738935158
2 0.5896551668907394 0.32033126635337783 0.0701885036281972 0.09181564458064795
2 0.5807687510114903 0.3728411116879613 0.05875993030721958 0.07679623732333311
2 0.49375 0.50859375 0.078125 0.0421875
0 0.334375 0.84609375 0.66875 0.3078125
0 0.834375 0.76484375 0.33125 0.4703125