2 0.02421875 0.78828125 0.04765625 0.1453125
2 0.03203125 0.6296875 0.0421875 0.08359375
2 0.1203125 0.6328125 0.03203125 0.07734375
2 0.18046875 0.79609375 0.059375 0.1140625
2 0.23515625 0.58125 0.040625 0.08046875
2 0.27421875 0.82265625 0.06171875 0.1140625
2 0.2828125 0.690625 0.0625 0.1140625
2 0.2859375 0.92890625 0.0671875 0.13359375
2 0.40546875 0.8328125 0.0625 0.10859375
2 0.396875 0.5984375 0.040625 0.05859375
2 0.45 0.50390625 0.04296875 0.075
2 0.5203125 0.4234375 0.0765625 0.1609375
2 0.6625 0.7546875 0.0515625 0.08046875
2 0.78828125 0.60234375 0.0484375 0.1140625
2 0.82265625 0.7671875 0.05 0.08203125
2 0.853125 0.5828125 0.03515625 0.06875
2 0.8859375 0.84375 0.06328125 0.1625
2 0.9515625 0.63359375 0.059375 0.11171875
2 0.96328125 0.47890625 0.03828125 0.07734375
2 0.97890625 0.5296875 0.03203125 0.06484375
2 0.9890625 0.73671875 0.01640625 0.1390625