2 0.15703125 0.115625 0.2421875 0.23125
2 0.725 0.1 0.534375 0.2
2 0.00546875 0.44921875 0.0109375 0.0484375
2 0.03923618532216415 0.586052842438761 0.0477318458553869 0.06254355866619044
2 0.06810133155811186 0.4868833689218645 0.0430443458553869 0.062215776735205085
2 0.12421602178601088 0.5949965176810272 0.05149351581733077 0.07838707995351371
2 0.20164866060758477 0.4571744535669553 0.04186384783255317 0.07148151609154337
2 0.24223916851625021 0.49194293747541185 0.046869682813525236 0.07962179802252853
2 0.3744030696951137 0.4090543917986718 0.052257519771663395 0.0971370799535138
2 0.41883084342111 0.5187682453852975 0.0565975098858317 0.0506991225281606
2 0.43515625 0.43203125 0.0296875 0.0734375
2 0.5801211704934166 0.49197578846414763 0.1520903765014653 0.21473947921687966
2 0.8686981922422465 0.5752153513177118 0.1603830375661607 0.18883254307885
2 0.95234375 0.4109375 0.0953125 0.184375