2 0.28046875 0.2453125 0.11015625 0.21328125
2 0.34921875 0.521875 0.090625 0.14921875
2 0.4046875 0.55 0.05859375 0.12265625
2 0.4703125 0.50546875 0.06328125 0.1078125
2 0.55 0.4671875 0.059375 0.0953125
2 0.6 0.45546875 0.034375 0.0890625
2 0.63828125 0.446875 0.04609375 0.08046875
2 0.69375 0.471875 0.0390625 0.06015625
2 0.73046875 0.35546875 0.0296875 0.05546875
2 0.74765625 0.52265625 0.03828125 0.0625
2 0.79296875 0.53046875 0.01171875 0.0234375
2 0.9078125 0.67578125 0.0078125 0.0203125