2 0.24329513038143585 0.1677204910465271 0.13975220258518864 0.18193208812453676
2 0.30460004490617243 0.1832764319985177 0.09922536167271759 0.14257706220555538
2 0.3556160582520452 0.12423291413805462 0.09871602570316255 0.13007706220555537
2 0.42216157110362645 0.06890015664518412 0.09039418973360754 0.11689355702175916
2 0.46640625 0.04765625 0.0640625 0.0953125
2 0.50078125 0.03828125 0.0734375 0.0765625
2 0.5620663295065834 0.04115444839837838 0.05905134783255317 0.07367123732333311
2 0.6271674060845985 0.07899549246064677 0.059178681824942105 0.07679623732333311
2 0.6735476575674731 0.0759969230450448 0.019832338935304606 0.02820291244111104
0 0.84296875 0.296875 0.2859375 0.20625
0 0.35 0.7 0.7 0.6
2 0.94453125 0.478125 0.1109375 0.15625