2 0.0822428800693518 0.2556802793264986 0.02562073821317572 0.04906298460895986
2 0.25184690467645765 0.2382913573216893 0.027110463606069855 0.04764635024955712
2 0.58203125 0.203125 0.0265625 0.078125
2 0.6353636877606189 0.13315393760465533 0.04771406203449331 0.055792603577322276
2 0.6599120775453712 0.09041388581599419 0.023694365177646403 0.041104618968362414
2 0.6936449146012551 0.18449642762135987 0.07446065260503384 0.0956264538268794
2 0.83515625 0.45 0.2109375 0.278125
2 0.7636320829220548 0.15151583943507765 0.032598484284234175 0.0652714471713491
2 0.76548998945603 0.07822420507567496 0.044734611248705036 0.05862587229612766
2 0.8653829815981471 0.03778466971804369 0.02674659057054072 0.03983385024955712
2 0.9257660558337495 0.1776061971723589 0.08329199710451576 0.11823078202986607
2 0.9336941799027361 0.07418946589116424 0.05105738585581108 0.06077183485851698
2 0.959375 0.02109375 0.040625 0.0421875
2 0.13497204363264048 0.7936091880202473 0.19626718610347993 0.17233724251227595
2 0.53046875 0.703125 0.0765625 0.20625
0 0.784375 0.79453125 0.43125 0.4109375