2 0.23203125 0.3 0.3359375 0.6
2 0.4502692618381075 0.36875038681386163 0.03549096091032524 0.03549096091032524
2 0.45479765198594907 0.2700737707527853 0.020790732122152544 0.026530549091614473
2 0.47694384789336475 0.22343801575181557 0.017538186364518003 0.024712957576345396
2 0.4832257988017504 0.20405028696364286 0.02053564060688351 0.023405549091614474
2 0.5406555325908928 0.23317993544643417 0.018590503333979845 0.018590503333979845
2 0.6460923316825072 0.2434481425637375 0.026115960910325243 0.034725686364518005
2 0.8333688042617622 0.321749130435766 0.05286965060882309 0.07726387272903601
2 0.9683024294066943 0.13456851058166786 0.030006235456132478 0.04435577787978708
1 0.17734375 0.8046875 0.3546875 0.390625
0 0.75078125 0.85703125 0.4984375 0.2859375