2 0.01015625 0.565625 0.0203125 0.025
2 0.0234375 0.6375 0.02734375 0.06015625
2 0.0421875 0.5734375 0.01640625 0.021875
2 0.0859375 0.83671875 0.08203125 0.15078125
2 0.08046875 0.5875 0.01875 0.0171875
2 0.09453125 0.621875 0.01953125 0.0234375
2 0.1140625 0.54609375 0.015625 0.0203125
2 0.14140625 0.55390625 0.015625 0.03046875
2 0.17421875 0.58046875 0.01640625 0.028125
2 0.31015625 0.703125 0.034375 0.06875
2 0.35625 0.7203125 0.03046875 0.046875
2 0.396875 0.67734375 0.0328125 0.03046875
2 0.425 0.6828125 0.0296875 0.0421875
2 0.440625 0.5984375 0.01953125 0.03046875
2 0.48359375 0.6421875 0.025 0.0421875
2 0.50625 0.58984375 0.01875 0.03515625
2 0.54140625 0.6203125 0.0203125 0.03046875
2 0.55625 0.66015625 0.0296875 0.0234375
2 0.578125 0.62734375 0.0140625 0.028125
2 0.6 0.61875 0.01953125 0.028125
2 0.6203125 0.68203125 0.0421875 0.03203125
2 0.61640625 0.590625 0.0125 0.01875
2 0.70703125 0.60390625 0.0140625 0.028125
2 0.73828125 0.61640625 0.0390625 0.04375