2 0.259375 0.175 0.51875 0.35
2 0.81484375 0.2328125 0.3703125 0.234375
0 0.28828125 0.675 0.4609375 0.65
2 0.61171875 0.37734375 0.0421875 0.0546875
2 0.6241691978152325 0.5042298960060758 0.03137897477225664 0.05120894717134909
2 0.595962385378846 0.7445520534520389 0.07380457694917482 0.1065639538268794
2 0.68828125 0.3640625 0.0265625 0.028125
2 0.7137897146054555 0.3724297672622139 0.023075401451278843 0.03641711896836251
2 0.7493651160567343 0.4100138113553549 0.01638889183263199 0.02333365640597318
2 0.7336806070710596 0.5183467408478885 0.01951389183263199 0.023625387687167886
2 0.76627979754508 0.40380583340192544 0.04760417549789597 0.06985510357732228
2 0.752854736922792 0.6883365987929656 0.05881449400955034 0.07868866306150366
2 0.7582664340202345 0.6203159269959523 0.03110615626060227 0.04339644717134909
2 0.81171875 0.3703125 0.0265625 0.040625
2 0.814563530121885 0.42622348544014377 0.03562996515360979 0.03914654409314107
2 0.8370635234984629 0.3792656528694023 0.02452877404661713 0.03343798460895986
2 0.8503819790334258 0.40387007799418084 0.01984127404661713 0.033000387687167884
2 0.8366890451828274 0.5692342574867143 0.031051592558271324 0.0418339471713491
2 0.7928870037978332 0.875847710065808 0.0703521947351895 0.09689722254568486
2 0.8666443852940281 0.4458808015798554 0.02970734736759475 0.04793808153075183
2 0.8420040277596321 0.5876406044085062 0.013754965153609789 0.037104425124778476
2 0.851416233294595 0.6118803654317915 0.03315972958158007 0.05760481281194636
2 0.8660070121505357 0.6506202233768688 0.05552580290255769 0.07370943178030895
2 0.9515625 0.51171875 0.096875 0.1734375
2 0.8999281443645207 0.6631313346497112 0.020059528855940555 0.03925038768716789
2 0.9291766455456472 0.5864340802819562 0.02776290145127902 0.036854715890154564