2 0.009375 0.07890625 0.01875 0.1578125
2 0.0453125 0.71328125 0.090625 0.19921875
2 0.071875 0.10234375 0.08125 0.17265625
2 0.1703125 0.15625 0.0734375 0.15703125
2 0.25625 0.29609375 0.0734375 0.1609375
2 0.30078125 0.18203125 0.07421875 0.1359375
2 0.384375 0.7296875 0.1015625 0.20078125
2 0.3734375 0.38046875 0.075 0.1609375
2 0.425 0.14609375 0.07109375 0.140625
2 0.5078125 0.1046875 0.06640625 0.1390625
2 0.5296875 0.20390625 0.071875 0.14765625
2 0.61015625 0.409375 0.071875 0.15078125
2 0.64375 0.82109375 0.0875 0.18125
2 0.6609375 0.10703125 0.0640625 0.140625
2 0.7265625 0.2484375 0.06875 0.13359375
2 0.82890625 0.23203125 0.090625 0.1890625
2 0.88125 0.06640625 0.0875 0.1328125
2 0.97734375 0.1875 0.03984375 0.19609375