2 0.196875 0.090625 0.246875 0.18125
1 0.8259797236759482 0.20810199224477843 0.10280259618646852 0.13303538273097573
1 0.98671875 0.14921875 0.0265625 0.1234375
1 0.796875 0.065625 0.103125 0.13125
1 0.502113148540872 0.1773451683174927 0.08463294954451292 0.10350737939699588
1 0.5660640319359834 0.10161197361802499 0.08156251324684387 0.1048147878817268
1 0.46454617195451686 0.08874492498545253 0.06679068511654282 0.08335437606301595
1 0.4151984471822604 0.0441975705933058 0.07471231252120454 0.08711710485118865
1 0.6588046034428625 0.06505297815995288 0.042425602176918174 0.05487868969849785
2 0.21015625 0.78671875 0.0671875 0.0546875
2 0.33984375 0.85546875 0.0578125 0.0953125