2 0.2151210456533767 0.06701505051053429 0.031589961443337165 0.03315747109125766
2 0.207260876005905 0.1896713005105342 0.026401813695090492 0.024797080918953895
2 0.2665660248338858 0.2099838077217669 0.02952681369509049 0.025162341033822956
2 0.32508752853451356 0.1074168496171092 0.061216904688076924 0.05988231212508062
2 0.3640625 0.11875 0.03125 0.05
0 0.4376561821428563 0.1520901516273206 0.10007675046142524 0.182284913273773
1 0.7481733775470645 0.20727484808552604 0.06079540252860856 0.10170455201021156
1 0.9016884037652263 0.19452121365668348 0.06155686613141391 0.08938718206764609
1 0.5838395697120701 0.14320218194002235 0.03988212523071262 0.08995536126356152
2 0.084375 0.465625 0.090625 0.071875
2 0.16223376851236432 0.8669947686981553 0.12571710055371038 0.21939936413529218
2 0.1916439728589876 0.5185978539566111 0.09332610271317865 0.1737418930440345
0 0.665625 0.7203125 0.571875 0.559375