2 0.0140625 0.06953125 0.028125 0.1140625
2 0.11640625 0.04140625 0.1234375 0.0828125
2 0.29140625 0.01328125 0.1015625 0.0265625
1 0.5203125 0.28046875 0.221875 0.4453125
1 0.0890625 0.91796875 0.171875 0.1640625
1 0.03515625 0.6375 0.0703125 0.13125
1 0.17501715345073973 0.735415728318028 0.14472191015912905 0.17804794724210718
1 0.3359375 0.5828125 0.125 0.128125
1 0.79921875 0.93203125 0.1828125 0.1359375
1 0.95234375 0.73203125 0.0953125 0.1828125
1 0.98515625 0.61015625 0.0296875 0.1765625
1 0.79296875 0.5484375 0.1109375 0.059375
1 0.516352711612727 0.6701283024049569 0.1414876495154674 0.17630343671876353
1 0.4296875 0.8875 0.040625 0.1875