2 0.0609375 0.021875 0.0875 0.04375
2 0.19921875 0.046875 0.1140625 0.09375
2 0.3622754029414194 0.09729471916020378 0.09423438936371689 0.11613406010845857
2 0.48046875 0.13515625 0.0578125 0.1015625
2 0.5921875 0.37109375 0.14375 0.0359375
2 0.75390625 0.35546875 0.1890625 0.0671875
2 0.04683460053646249 0.6053238251355733 0.060527247298576906 0.07376475292686635
2 0.0078125 0.465625 0.015625 0.065625
2 0.11665281882525705 0.46662039431921815 0.06530575256024873 0.0753545240041051
2 0.1484375 0.3953125 0.046875 0.0125
2 0.46953125 0.40234375 0.0359375 0.0265625
2 0.4327629372128737 0.4332913064942213 0.04059417889684287 0.053343168617910844
2 0.4036299030825939 0.5175254059284873 0.04877069994353036 0.05963862041330899
2 0.3481618821064936 0.5976987192583996 0.05694722099021767 0.06593407220870695
2 0.35349485323788554 0.6805703065924172 0.04840667889684287 0.05338862041330898
2 0.2948647639306385 0.855288505460949 0.048224668373499216 0.050263620413308986
2 0.2769499508611635 0.9481845325883121 0.0655787683452643 0.08004202400410491
2 0.253451537678749 0.9222578368430382 0.030855157850155558 0.047038626463433174
1 0.48238423463850744 0.49375662870292836 0.05015118942018652 0.056522710772388504
2 0.48828125 0.54375 0.0421875 0.06875
2 0.50078125 0.44296875 0.0171875 0.0546875
2 0.43619396117274567 0.7232532311622564 0.047390210466874014 0.06275453005422929
2 0.4523125138600513 0.7819606106507516 0.05538472099021767 0.06592498184962743
2 0.48828125 0.79140625 0.0421875 0.0640625
2 0.40859375 0.98515625 0.0484375 0.0296875
1 0.890625 0.8375 0.21875 0.315625