0 0.35 0.26953125 0.7 0.5390625
2 0.8796875 0.00703125 0.034375 0.0140625
2 0.92578125 0.0140625 0.0234375 0.028125
2 0.9774390892949434 0.034146137508440685 0.022114831893687636 0.029071069892376223
2 0.1328125 0.61484375 0.153125 0.1515625
2 0.296875 0.6078125 0.14375 0.1375
2 0.373850619213733 0.6581445254311662 0.13002506631598418 0.15716614474715093
2 0.5287173943521605 0.7167661623204343 0.05098031153562203 0.06624573821317573
2 0.5536487407438176 0.6439301298554456 0.023577202344038282 0.027581344499482085
2 0.5705556384920645 0.6525067632300571 0.018489184145441227 0.02111302067816432
2 0.5828041170542647 0.7099382735691393 0.05244268198597268 0.06475601282028158
2 0.6183620828165385 0.6570701387467859 0.016826554595791875 0.019477746071058632
2 0.6625 0.7328125 0.075 0.09375
2 0.69453125 0.6875 0.0109375 0.021875
2 0.85 0.8484375 0.3 0.303125