0 0.21484375 0.1890625 0.4296875 0.2
2 0.74140625 0.22421875 0.1609375 0.1296875
2 0.35078125 0.515625 0.1578125 0.453125
2 0.5043236668045425 0.6541358952908919 0.024501168019063258 0.061346603084255144
2 0.52719415097623 0.5974864748361967 0.07112279788867956 0.13713753571381498
2 0.6780787666423868 0.6837393948838548 0.030887535713814973 0.0692681972400564
2 0.7320804740287129 0.6792115819776414 0.06772506249917623 0.12145798863591431
2 0.8091923989476351 0.6938428721556833 0.009702282467404188 0.018913641233702094
2 0.8456480961876915 0.6647826635515411 0.03215002678536116 0.05210797077900682
2 0.8912157406678045 0.6061849594116258 0.07808190990138844 0.17787162986961622
2 0.96171875 0.4703125 0.0765625 0.19375