0 0.13984375 0.3046875 0.2796875 0.609375
0 0.71484375 0.33046875 0.5703125 0.5578125
2 0.434375 0.703125 0.009375 0.025
2 0.45997028855940536 0.7012292889922147 0.018169646641955417 0.030032639474130284
2 0.5359375 0.9375 0.1125 0.125
2 0.47814985888515815 0.7501896104032721 0.0349404843909034 0.06457935717788513
2 0.5386111545313217 0.6399543178178776 0.018224210344286274 0.031595139474130285
2 0.5801364556197808 0.6612266017881152 0.02469246515360961 0.038538826555632164
2 0.5758383360196675 0.6279796953288661 0.018169646641955417 0.030032639474130284
2 0.6166419292109111 0.785796455495418 0.027708337748947896 0.03576067009638315
2 0.6196453889222251 0.692134018413916 0.026145837748947985 0.03558724832600761
2 0.6262202819359834 0.6333676986768508 0.024583337748947987 0.03541382655563208
2 0.6476612615175634 0.6858874265471574 0.022911710344286275 0.03211540478525663
2 0.6639980788480913 0.7719133414989658 0.029434528855940556 0.0406215918667586
2 0.6744320926430893 0.6664462955655865 0.02452877404661713 0.033851326555632166
2 0.7069172104291043 0.6534294383877015 0.025982146641955417 0.030899748326007614
2 0.83671875 0.6421875 0.0484375 0.065625
2 0.89375 0.62265625 0.028125 0.0265625