0 0.2046875 0.2875 0.409375 0.4625
2 0.50546875 0.01953125 0.0890625 0.0390625
2 0.6935418758467107 0.39728275182290373 0.026719630257724704 0.035440105881641946
2 0.003125 0.8609375 0.00625 0.04375
2 0.009375 0.85703125 0.01875 0.0296875
2 0.03046875 0.9046875 0.0609375 0.08125
2 0.11271459972742885 0.8804897547758122 0.04028416327441153 0.05706640882246283
2 0.12874239145054292 0.9194677830842357 0.020387743102595036 0.033220704411231594
2 0.1424773428300239 0.9146958113926594 0.01693519448207601 0.02664225367602615
2 0.15591904511401605 0.9339783643334802 0.018415807326946254 0.025243979043628784
2 0.2515625 0.9796875 0.03125 0.040625
2 0.28991890886339744 0.970593770579703 0.030417840343632995 0.046706056616847215
1 0.6921875 0.79375 0.565625 0.4125