0 0.42578125 0.34140625 0.5265625 0.1953125
2 0.16171875 0.5203125 0.1421875 0.1625
2 0.26899197321131574 0.581695249710136 0.067063131037097 0.10835437606301604
2 0.3546566885715796 0.5793352663800354 0.06858016693047428 0.10691942182065048
2 0.46171875 0.49140625 0.0671875 0.1046875
2 0.59765625 0.478125 0.1140625 0.078125
2 0.69765625 0.80390625 0.0171875 0.0921875
2 0.7493340057394807 0.9084332218303487 0.08640416442319179 0.13019742515463034
2 0.89921875 0.9859375 0.0859375 0.028125
2 0.8398105900626478 0.8035859672884209 0.05347199247815269 0.06983401000193971
2 0.8711849590255507 0.7032669739563807 0.0586141335443795 0.08584164727484325
2 0.9224088267348126 0.6154798025947722 0.11125105172849495 0.18054811151914835