0 0.2 0.18984375 0.4 0.3796875
2 0.6451239282615584 0.13826629658871248 0.11525952090551303 0.16460636356061792
2 0.959375 0.03671875 0.06875 0.0734375
2 0.01953125 0.559375 0.0390625 0.24375
2 0.02890625 0.84609375 0.0578125 0.1734375
2 0.04900154423010052 0.8886853055320183 0.08733194198043534 0.13868914767046334
2 0.11896543373499169 0.8625826249994951 0.08807539462538863 0.12477251331106061
2 0.20275660480991392 0.8470948024120493 0.081097352532014 0.11168905074867137
2 0.2541370942865703 0.8487833685517607 0.05546031570031094 0.09841770049911425
2 0.29310858902489845 0.8508675095666938 0.06447129465362363 0.09304289434269819
2 0.3451107047816791 0.8899102100658081 0.052259720990217674 0.07014683485851698
2 0.38671875 0.7859375 0.0265625 0.0625
2 0.3828125 0.95234375 0.034375 0.0734375
2 0.5459745257436619 0.7217315574042018 0.254729357511337 0.4247131148084035
2 0.9109375 0.575 0.178125 0.390625