0 0.19453125 0.2734375 0.3890625 0.43125
2 0.43217998472308833 0.17020360333452428 0.04300566000954502 0.07326253737886682
2 0.41668115937299816 0.047749449127479825 0.02380112667090888 0.03288890965492604
2 0.5078125 0.453125 0.059375 0.071875
2 0.4582964947087708 0.06282279207044388 0.03030566534054513 0.05520095222957302
2 0.5559100280871778 0.38829840345073974 0.08428518801718106 0.13235331411407197
2 0.5342141047103616 0.06924240085284969 0.025527258672817865 0.04706067029858776
2 0.54453125 0.01796875 0.0265625 0.0359375
2 0.5585783053787252 0.0800488608760928 0.02400112133990877 0.05007640965492603
2 0.671705561386043 0.12608834453244788 0.03528406667727228 0.0805287341605582
2 0.8389572433959062 0.18710833598247306 0.06064769334818117 0.11352690445914604
2 0.97890625 0.00859375 0.0421875 0.0171875
2 0.3234375 0.7578125 0.13125 0.31875
0 0.69453125 0.74453125 0.6109375 0.5109375