0 0.25546875 0.36875 0.5109375 0.1625
0 0.71796875 0.3328125 0.3765625 0.234375
2 0.09921875 0.98046875 0.0421875 0.0390625
2 0.5653765194398194 0.6180790309239029 0.04575345574818703 0.08000623545613247
2 0.58984375 0.4875 0.0453125 0.075
2 0.69609375 0.46484375 0.0484375 0.0296875
2 0.7470374342459623 0.7419144989612299 0.019734611248705035 0.056090503333979844
2 0.8303121989282707 0.907124652904033 0.06374147642635145 0.09859673879011233
2 0.8280391852794196 0.6528517410853221 0.046442660462916764 0.06138378121376711
2 0.8273200554194646 0.5335915580547839 0.020059942927905538 0.029655549091614476
2 0.8783731331697237 0.5487380680567236 0.028672963606069857 0.047480777879787085
2 0.925 0.46953125 0.03125 0.0390625
2 0.9595717832935582 0.5059603788172676 0.045171258891340216 0.06750623545613248