1 0.31875 0.32578125 0.5625 0.3265625
2 0.6550880359598843 0.14305637261300247 0.04124477711788863 0.07545453333863605
2 0.684375 0.0234375 0.0375 0.046875
2 0.832124245909872 0.2589251785885036 0.01560827962517113 0.05328863200190899
2 0.910208478821113 0.4204615679105951 0.05732441818411545 0.09126134667409058
2 0.9160338961472988 0.16657349924414042 0.04226170783841639 0.056722714672181596
2 0.9194891682506224 0.04782349924414046 0.01800585391920819 0.028324994668999893
2 0.9706424912910183 0.061286015237140744 0.024755959092057724 0.0455852200031817
2 0.2192451273426803 0.6958450179424117 0.05245506175762475 0.08495680267345422
2 0.55078125 0.59375 0.0984375 0.2
2 0.696875 0.5359375 0.078125 0.09375
2 0.8375 0.5140625 0.10625 0.05