1 0.278125 0.3 0.55625 0.459375
2 0.6513652420432707 0.29706185779087296 0.06028406667727211 0.08471502727426809
2 0.7156913713796798 0.3268284003762675 0.01900453866963616 0.023956061244505732
2 0.6921875 0.5171875 0.05625 0.025
2 0.7380305427275426 0.4362008442763365 0.023782945337363515 0.032288826555632255
2 0.780599850731997 0.4736957320764744 0.03650112133990877 0.05242620071863602
2 0.8564714600572702 0.42281839882487277 0.03964430267345413 0.054335544259386914
2 0.8734595127307243 0.4746393274138153 0.05548747867599957 0.07481976196314158
2 0.9476231713876337 0.41108857239183816 0.07618178668045417 0.10988674497802293
2 0.2828125 0.67265625 0.20625 0.2859375
2 0.45935101205440654 0.7845746382905283 0.1873203760343621 0.2735887689043063
0 0.784375 0.84609375 0.43125 0.3078125