0 0.30390625 0.334375 0.6078125 0.36875
0 0.81953125 0.33515625 0.3609375 0.3671875
2 0.0078125 0.60859375 0.015625 0.0671875
2 0.022695546762020857 0.5982727733131827 0.040307925746469395 0.06291817067154523
2 0.0765625 0.53984375 0.025 0.0421875
2 0.06986584168245628 0.6828108579726376 0.04299588317182246 0.05670453333863605
2 0.13056267708385172 0.5962370112985471 0.03663662252816069 0.05506930800445433
2 0.14553247720006723 0.7170580412953654 0.04408848960843983 0.07232953333863605
2 0.26562609193455783 0.6071552352800934 0.035838947033792846 0.06598862667090888
2 0.2913091529465367 0.6529126306095027 0.03951025025210155 0.07383748933799979
2 0.4432594190380801 0.6121138132559126 0.04227461733238051 0.09104317067154524
2 0.44589311011978816 0.7307365439210946 0.052840776735205 0.04120680267345413
2 0.5025362300500589 0.6574803099140949 0.04677644703379293 0.06611589600572695
2 0.79609375 0.83515625 0.1640625 0.3296875