0 0.2171875 0.159375 0.434375 0.31875
0 0.76484375 0.28984375 0.4703125 0.1796875
2 0.0375 0.6046875 0.075 0.234375
2 0.09960166212005576 0.8631676641869703 0.1199957845319033 0.1661772717116218
2 0.15810336683478549 0.8791522291169478 0.08260279238978611 0.13325345574818712
2 0.2184265907799375 0.822553318654031 0.08507282092583353 0.11933650496239867
2 0.29341162820732497 0.7691692994236087 0.07824062406898662 0.10654540653397522
2 0.34197756079614827 0.7474184239068801 0.05280397642635144 0.09600601282028158
2 0.3786064195636539 0.7309008579434453 0.06181510339082212 0.08863016046291676
2 0.4364360361890423 0.7445780601769757 0.051494033498445904 0.06788101282028158
2 0.46004481823974624 0.6226474021952584 0.04026543507002245 0.06112159057054054
2 0.4962262591007372 0.7831097131962943 0.05000430810555194 0.06937073821317571
0 0.76484375 0.68984375 0.4703125 0.6203125