1 0.1984375 0.1984375 0.3625 0.340625
2 0.11461692576439768 0.45031072469763495 0.12279114474715103 0.12167610001590834
2 0.17894706120592377 0.6579783213717255 0.031070217535011314 0.030032945337363514
2 0.18696723056018066 0.7798805933720436 0.026018844499481997 0.022165901336727068
2 0.2752483647633617 0.49590613005249756 0.12569782092583354 0.11702496268299925
2 0.2477056774170275 0.7930805747135433 0.027581344499481998 0.02218408267027261
2 0.2926114549196175 0.6842873773869975 0.05865156203449331 0.052217028007635946
2 0.342866166044488 0.6903379300604517 0.048985463606069854 0.04585794000636341
1 0.43125 0.925 0.103125 0.15
1 0.5680524106678045 0.8232771520528157 0.10713191149637406 0.15428860534690844
1 0.6500258486333113 0.7726964440642698 0.07794952564056316 0.09772952267663584
1 0.7671405740262054 0.7724975440801781 0.09012419396136266 0.12441929201145392
1 0.8637651710068868 0.8353071740929048 0.1139641083532208 0.16686133068109027
1 0.9147518205115487 0.6391321554344044 0.09880998924663302 0.14326019867918127