0 0.21953125 0.209375 0.4390625 0.41875
2 0.020464986197016623 0.5113301550781453 0.013518671939110227 0.025728042093374804
2 0.035867151710336206 0.5067714576948636 0.01964133794672147 0.022967063140062204
2 0.05271641209045956 0.5568547576807463 0.023530341901054186 0.04189907366340586
2 0.18726516703337542 0.5880732075536894 0.016643671939110226 0.02591005261671846
2 0.30025193977078846 0.7022105732398829 0.03928267589344294 0.04593412628012441
2 0.3382109017103362 0.5243809758283665 0.006886669961943781 0.015989021046687403
2 0.3836308310638203 0.5870398705243424 0.023021005931498983 0.02939907366340595
2 0.4171875 0.94765625 0.04375 0.1046875
2 0.42734375 0.5703125 0.0234375 0.05625
2 0.43125 0.628125 0.015625 0.046875
2 0.4359375 0.58125 0.00625 0.028125
0 0.69765625 0.709375 0.5171875 0.58125