0 0.2 0.2 0.4 0.4
2 0.503409000039771 0.17763156605137795 0.1252010893539081 0.16163861485312828
2 0.515625 0.02421875 0.096875 0.0484375
2 0.5265625 0.02265625 0.075 0.0453125
2 0.5170549713955881 0.342299972869119 0.11088405068427196 0.1386157030344176
2 0.6859375 0.03046875 0.090625 0.0609375
2 0.68638513204168 0.1767712124081373 0.10310791335136286 0.1411029742462448
2 0.6926634987269062 0.3131073251352337 0.0920067813494537 0.1261476539428031
2 0.81640625 0.04375 0.0984375 0.0875
2 0.8145828573758618 0.17256246028210542 0.11072041868236297 0.1245532030344175
2 0.8262936113939972 0.30532716285748096 0.044895424013363085 0.10200878121376693
2 0.92734375 0.05078125 0.0828125 0.1015625
2 0.906607820058861 0.2854773063393024 0.060520424013363085 0.10328423879011232
2 0.9272192173774524 0.17509791573241884 0.05276246801399935 0.10733401000193972
2 0.9859375 0.05390625 0.028125 0.0890625
2 0.98515625 0.1671875 0.0296875 0.1
2 0.98671875 0.26953125 0.0265625 0.0859375
2 0.2 0.55 0.16875 0.240625
1 0.7331050433640895 0.552712345888019 0.12402039735836254 0.19432356909549373