0 0.36171875 0.19296875 0.5546875 0.3859375
2 0.7335161598043383 0.1670355767474049 0.17810358260730733 0.23010772046570543
1 0.928125 0.11953125 0.14375 0.2390625
2 0.01015625 0.8234375 0.0203125 0.046875
2 0.13936064601428474 0.7975451372715758 0.02430131802583091 0.031875484608959684
2 0.27509120902555073 0.8585111250005049 0.04993781551854841 0.05608433485851698
2 0.2634309803374517 0.6731570875628942 0.01143760517284953 0.018208559484181208
2 0.3225846714828208 0.7138538088607933 0.03068771034569906 0.037146447171349094
2 0.36076062140367854 0.6797384178458603 0.03610263605166182 0.06258404409314107
2 0.38261890102884966 0.7309671645180951 0.03426735141192587 0.05306317845254371
2 0.37500497783016923 0.6846756270804844 0.02117631802583091 0.031583753327765154
2 0.4099793714036785 0.6751436501670446 0.022784282132453627 0.033292118968362504
2 0.433902604710631 0.6627264827377861 0.03859113855894449 0.041000775374335774
2 0.45229490353613216 0.7025282106912156 0.050619777117888634 0.07952183485851698
2 0.4821044239901033 0.6770275806995678 0.035920779625171304 0.056334044093141064
2 0.5456728304957362 0.707911705075675 0.02898881802583091 0.03231308153075183
2 0.5649109123116208 0.6152445861073125 0.030733174452321776 0.038708947171349095
2 0.61953125 0.69296875 0.0390625 0.0703125
2 0.63203125 0.63515625 0.0140625 0.0484375
0 0.815625 0.725 0.353125 0.55