0 0.228125 0.275 0.45625 0.55
1 0.585922935908686 0.3890560542267149 0.13039766669318062 0.20427187278026224
1 0.6068905112587761 0.26698431227248653 0.10507040268936266 0.17439870248167466
1 0.7143859326066391 0.16738278604148443 0.09969201201463562 0.11469592055068922
1 0.03515625 0.9171875 0.0703125 0.1
1 0.1609375 0.9546875 0.09375 0.090625
1 0.334544438613957 0.9155628319703262 0.08397610534690844 0.10579081411407198
1 0.22525180195736558 0.8336412065921739 0.08079656134627218 0.10088479282674853
1 0.10103250461491146 0.8921971157428967 0.050963610677908555 0.08630884059717552
1 0.14503704328454772 0.8733814137654253 0.07912497334499946 0.09140053218308672
0 0.759375 0.840625 0.48125 0.31875