0 0.38984375 0.28125 0.4984375 0.475
2 0.78046875 0.1296875 0.1921875 0.259375
2 0.96953125 0.13828125 0.0609375 0.2765625
2 0.06588506208884377 0.9100520212584489 0.05596935633066593 0.07662268415851478
2 0.034387825888561485 0.7632981185993781 0.06068412986961631 0.07845819994353036
2 0.01328125 0.675 0.0265625 0.05
2 0.02471104261037853 0.6121451422769014 0.04629434740221221 0.05888915258848364
2 0.26640625 0.54296875 0.0359375 0.0484375
2 0.2978173060030592 0.6220459741151638 0.04478639448011279 0.06192314732681172
2 0.30415485510955464 0.7163042083301482 0.054270488635914306 0.06871917889684287
2 0.3607145466675683 0.7755735215407975 0.04465002678536116 0.0541106473268119
2 0.4246384991826305 0.9431180663355955 0.046157979707460585 0.05107665258848364
2 0.46875 0.990625 0.0625 0.01875
1 0.34668545413662005 0.5542900557416646 0.04629434740221221 0.05888915258848364
2 0.389432061685102 0.5838641636765247 0.05276253571381488 0.07175317363517095
2 0.46086673092198127 0.5992546742704555 0.04144320616851012 0.04924113680346807
2 0.45500033481701524 0.7560052032096507 0.043278441558013546 0.0649571420651398
2 0.504846376212873 0.7890760374669874 0.051118215096963834 0.06697466837349922
2 0.5451713672844193 0.7695224006635194 0.04955571509696384 0.0668836631118273
2 0.4993798060030592 0.6103062953594952 0.051118215096963834 0.06697466837349922
2 0.6109375 0.97421875 0.046875 0.0515625
2 0.5829775101429744 0.5608607612292154 0.047938668019063255 0.06366765785015538
2 0.61640625 0.6921875 0.0453125 0.05625
0 0.8515625 0.759375 0.296875 0.48125