0 0.19140625 0.21484375 0.2765625 0.4296875
1 0.953125 0.11484375 0.09375 0.2296875
2 0.1390625 0.66796875 0.278125 0.4765625
1 0.97890625 0.625 0.0421875 0.1125
1 0.7988380489592033 0.5966708621170191 0.0668400192218769 0.08681768198597287
1 0.8469214241285453 0.7118743599575509 0.0467798247398008 0.060616127390180984
0 0.6338371687014785 0.5533948241786651 0.08073210085908258 0.11418121838316742
2 0.353125 0.5703125 0.046875 0.1
2 0.387705797150181 0.5220494848837217 0.05195864767057934 0.07029151603912895
2 0.5131495324508599 0.5682409693060181 0.0598530348257091 0.07235466378737554
2 0.7541397026226765 0.6054858551771889 0.05837242198083885 0.07381703423772627
2 0.884328491632257 0.5787905521225565 0.06486808344622794 0.07890505243632351