0 0.25 0.22421875 0.5 0.4484375
2 0.51328125 0.06328125 0.0265625 0.0640625
1 0.58125 0.02890625 0.046875 0.0578125
2 0.5986962876367844 0.07529374450107014 0.05312930810555194 0.0724427117632839
2 0.63359375 0.0078125 0.0515625 0.015625
2 0.6461855636916323 0.12394478273778624 0.04124573821317572 0.05098063419006547
2 0.5503742959089519 0.2615127413749369 0.04353598428423418 0.0667698595576681
2 0.5703742727495882 0.31616272354469893 0.051421258891340214 0.06915348639568109
2 0.613796787017612 0.31859566325182553 0.04985875889134021 0.06898926102807863
2 0.6704749342459623 0.15326631417234307 0.051421258891340214 0.06915348639568109
2 0.540625 0.51796875 0.046875 0.0234375
2 0.771875 0.00625 0.04375 0.0125
2 0.7869968083149489 0.03839920038875579 0.04807793507002245 0.06413753566047582
2 0.8082168368509961 0.05016254524231911 0.03030823821317572 0.04983105661684704
2 0.7654599485139859 0.15027981674858326 0.04807793507002263 0.064137535660476
2 0.7155968815170939 0.2861281270414565 0.050911836641599 0.05821598639568108
2 0.7067761914846725 0.42543696509286055 0.05127570967712849 0.06602848639568108
2 0.7010120349506973 0.49912080314426444 0.03143409057054072 0.04062028198444985
1 0.565625 0.63515625 0.13125 0.2109375