0 0.44140625 0.1796875 0.3765625 0.359375
0 0.81484375 0.23984375 0.3703125 0.2390625
2 0.0375 0.915625 0.075 0.153125
2 0.0125 0.5546875 0.025 0.109375
1 0.037372214092038225 0.5142476862830078 0.07090337334017513 0.10278980925276526
1 0.19092446096878027 0.4381373794658745 0.07242951190385671 0.09656708279171564
2 0.12324608157848091 0.5236851416407392 0.08819086729005096 0.12027731818121898
2 0.1856046601318997 0.6811743133132504 0.058285198672140125 0.08225912094116258
2 0.17115984416970864 0.8814061383943284 0.10706813231716561 0.14247960064862325
2 0.3421875 0.96953125 0.165625 0.0609375
2 0.26168082592114017 0.7634316599046838 0.1132999515990063 0.13946369480442442
2 0.24121028639894107 0.5224072394499885 0.08487496974937905 0.08741027110331834
2 0.3357506267580207 0.5191946903434929 0.08026928298109555 0.10139095048646736
1 0.38993413270994903 0.4705975032497062 0.0896988251355733 0.11092959172016936
1 0.4190393288480063 0.7044406692401746 0.11175563231716552 0.14256142126547414
2 0.4836927021881815 0.6017599541432106 0.0803238251355733 0.11076595048646735
2 0.5182045784552229 0.4433610730557783 0.09762040944452863 0.12981595941492108
2 0.6046875 0.4203125 0.05 0.090625
1 0.59375 0.7421875 0.071875 0.171875
2 0.59375 0.95625 0.071875 0.0875
0 0.81328125 0.77578125 0.3671875 0.4484375