0 0.2765625 0.209375 0.553125 0.41875
1 0.62734375 0.0734375 0.0171875 0.09375
1 0.687966590850059 0.33779980890882594 0.0724931444174139 0.1100168091359686
1 0.7632665726996863 0.290167892355054 0.05523292154477701 0.09661605042954129
1 0.8576023799794745 0.32871581524040405 0.05528746369925486 0.1059910504295413
1 0.8807636657892404 0.10876848541222058 0.04262383723582168 0.07721095318850332
1 0.7415602652235064 0.12569927860567268 0.033185204722264314 0.0657821302577248
1 0.3296875 0.49453125 0.221875 0.1515625
1 0.58359375 0.5453125 0.0703125 0.084375
2 0.7288461209042882 0.6938506558111797 0.09762040944452863 0.13320200361804463
2 0.9004256842342006 0.7536394928754524 0.07877950585373253 0.11659435775648763