0 0.2234375 0.29765625 0.43125 0.5953125
1 0.4546875 0.0359375 0.03125 0.071875
1 0.65078125 0.0578125 0.0921875 0.115625
1 0.6249513275066669 0.24623788919818615 0.08877417211208342 0.12838695435896633
1 0.5609375 0.59765625 0.08125 0.0234375
1 0.8222049211621529 0.07946109583223757 0.083795731382639 0.11553175684847723
1 0.7470464926848962 0.3473366026807148 0.08092530452090294 0.12623245850815118
1 0.90781576605191 0.09253959105835277 0.10007534802388918 0.14484074855010745
1 0.98125 0.0359375 0.0375 0.071875
1 0.9703125 0.56171875 0.059375 0.0953125
1 0.3453125 0.78515625 0.1875 0.3515625
0 0.778125 0.8046875 0.44375 0.390625