0 0.25078125 0.19453125 0.0984375 0.3890625
0 0.621875 0.25 0.64375 0.278125
0 0.15 0.75078125 0.3 0.4984375
1 0.32421875 0.54140625 0.0484375 0.1171875
2 0.3515625 0.6853398961700996 0.0640625 0.10711029258539462
1 0.4765625 0.41875 0.071875 0.059375
1 0.528125 0.6657432361176707 0.0734375 0.1300258232076475
0 0.45859375 0.9390625 0.0765625 0.121875
1 0.7390625 0.5251437971169813 0.0765625 0.12724766674839838
1 0.81171875 0.9084859347945216 0.0703125 0.1124914796668964
1 0.87578125 0.95703125 0.0921875 0.0859375
1 0.88984375 0.5685648462757478 0.0703125 0.1249914796668965