0 0.22109375 0.26484375 0.4421875 0.5296875
2 0.45078125 0.434375 0.3359375 0.190625
1 0.7670067345801018 0.2522118813493636 0.14000789734428026 0.17793453756341746
1 0.64609375 0.0734375 0.0546875 0.10625
1 0.9096977077473264 0.08613543422390754 0.07398292154477701 0.10190082320764744
1 0.9331544302271799 0.3604383390091642 0.08970791549465282 0.12082254091140224
1 0.990625 0.334375 0.01875 0.103125
1 0.9640625 0.49375 0.071875 0.071875
1 0.15078125 0.8140625 0.3015625 0.334375
1 0.51484375 0.7984375 0.2078125 0.403125
1 0.85546875 0.9234375 0.2046875 0.153125