0 0.27109375 0.26484375 0.3578125 0.5296875
2 0.5374701120988765 0.23585431345152735 0.16036289940087514 0.1877571859797918
2 0.7366408067983443 0.1649384821451383 0.16348789940087513 0.18782992116215294
2 0.953125 0.08046875 0.09375 0.1609375
0 0.225 0.76484375 0.45 0.4703125
1 0.932063845598155 0.7036594092912148 0.11096893515657005 0.13670252583555564
1 0.7359375 0.9578125 0.090625 0.084375
1 0.7516115868041633 0.8700507415475343 0.08616038273097573 0.10025587955902786
1 0.6571602140751273 0.9190350618360068 0.0720022878817268 0.07965243882958344
1 0.5898291928632999 0.912804552052361 0.07850737939699588 0.08292290919430556
1 0.5182412352869546 0.9300660936554859 0.059534238790112326 0.060647865691319504
1 0.46640625 0.91953125 0.0328125 0.0421875
1 0.8129952390799765 0.7867466258562149 0.04483401000193972 0.052508057370694416