0 0.18046875 0.31953125 0.3609375 0.2796875
1 0.55546875 0.18984375 0.1921875 0.3796875
1 0.74140625 0.2296875 0.4484375 0.459375
2 0.3921875 0.521875 0.134375 0.125
2 0.496875 0.4875 0.075 0.05625
1 0.553125 0.47734375 0.078125 0.0359375
1 0.72265625 0.47109375 0.0796875 0.0234375
2 0.62578125 0.503125 0.0984375 0.0875
2 0.6159502942731545 0.6576492642067547 0.06495506175762475 0.08546594155801354
2 0.5171875 0.8359375 0.115625 0.146875
2 0.60546875 0.9734375 0.1796875 0.053125
2 0.6487735029695009 0.764053222810897 0.12288723370266404 0.14426028896022586
2 0.733581726643035 0.53300204586338 0.09169941818411545 0.09217959172016936
2 0.8199905880840908 0.568974727682161 0.08737563103709682 0.10459777110331836
1 0.8885958355768082 0.5459133287378212 0.09702341567683312 0.1141364123370204
1 0.8140347901165195 0.773662227682161 0.1229781619159093 0.14738528896022585
2 0.9167482646479833 0.705496834419864 0.08764841567683312 0.11397277110331831
2 0.98046875 0.57265625 0.0390625 0.1328125
1 0.95390625 0.890625 0.0921875 0.175