0 0.21953125 0.27734375 0.4390625 0.5546875
2 0.6952312730826733 0.26089571674253953 0.13921188962701408 0.22193588161382527
2 0.94765625 0.446875 0.1046875 0.225
0 0.21953125 0.7796875 0.4390625 0.440625
1 0.6332404193592011 0.7230342398984827 0.037355836056041716 0.0647146834548602
1 0.7161620221327427 0.7096427954155439 0.04560474715020844 0.08428581029287337
1 0.8427628493550692 0.5942431286911356 0.04058993882958326 0.06973063419006546
1 0.44765625 0.7890625 0.0171875 0.034375
1 0.7467405281166664 0.6682412634310941 0.017842116641249996 0.029931479043628785
1 0.793797366072569 0.6555020024030155 0.022747822188333443 0.039799155146436685
1 0.9402008938079858 0.5933540432159718 0.024019381458888843 0.027463380514039314
1 0.9921875 0.59140625 0.015625 0.0609375
1 0.5263903541047219 0.7599828148954607 0.016570557370694506 0.04226725367602633