0 0.221875 0.24453125 0.39375 0.4890625
2 0.5265625 0.01953125 0.121875 0.0390625
2 0.5657181923333712 0.11242949524248905 0.12269258930724707 0.1802397717116217
2 0.64375 0.046875 0.115625 0.09375
2 0.6506175661238339 0.2284055597581817 0.12425508930724707 0.18031254631872756
2 0.77265625 0.05 0.1140625 0.1
2 0.86484375 0.0421875 0.1078125 0.084375
2 0.8550460028425974 0.10788766025351974 0.11718604195220053 0.16595894789030413
2 0.8665240162085386 0.32776566666366047 0.11736805247554419 0.1690839478903042
2 0.978125 0.06640625 0.04375 0.1328125
2 0.9859375 0.20859375 0.028125 0.1515625
0 0.209375 0.74453125 0.41875 0.5109375
0 0.7375 0.7484375 0.525 0.503125