0 0.109375 0.2296875 0.21875 0.459375
1 0.3680908108860762 0.17173298404595166 0.04981946846486114 0.06503653178047308
1 0.49045677336701365 0.16488437852585144 0.06101154160312507 0.07725244218251533
1 0.5703975400845136 0.2306311415124514 0.05465243882958344 0.07183442195277685
2 0.532007187310972 0.23084420510530332 0.04643989532659738 0.05373377166560385
1 0.6975587989182289 0.2870130562220897 0.05941267401194459 0.07550731212508062
1 0.726209822569583 0.3350142773133474 0.06264677678548622 0.08056007223995003
1 0.8251019174593399 0.32698872093172804 0.05937630642076393 0.07394481212508061
2 0.91171875 0.4421875 0.0515625 0.034375
1 0.05703125 0.64296875 0.1140625 0.3515625
1 0.14140625 0.81796875 0.1546875 0.2953125
1 0.2698325360004511 0.5494724204850056 0.07700021751493065 0.09470374275686151
1 0.6390625 0.4984375 0.075 0.078125
1 0.6337313818401386 0.5990564738672706 0.07376611474138883 0.08965098264199227
1 0.5342008944735759 0.7354809753350418 0.08343205547083343 0.10324676298659981
2 0.97734375 0.68046875 0.0453125 0.0734375
2 0.8324935773192357 0.7429282512763357 0.0738024823325695 0.09121348264199228
1 0.8250765483495479 0.9606230561901838 0.06388196846486131 0.06668020229738474