0 0.3171875 0.309375 0.284375 0.61875
1 0.8512105292242884 0.3761727610174539 0.09143529788867966 0.14112479991529536
1 0.6890105381527423 0.36844980823132617 0.048238676947516976 0.08085515785015537
1 0.7784860953769126 0.3843107556851949 0.04484094155801373 0.0650481473268119
1 0.12421875 0.978125 0.0484375 0.04375
1 0.2445083360414218 0.9404466345961552 0.0501011858759707 0.0981336631118273
2 0.29140625 0.9515625 0.0640625 0.096875
2 0.35412484375205955 0.8755280189099617 0.05308981818121907 0.09050317363517095
2 0.43203125 0.8578125 0.0546875 0.109375
2 0.03319868912567692 0.9293403475526908 0.03541139448011292 0.06137711575678066
0 0.7296875 0.809375 0.540625 0.38125