0 0.16953125 0.1546875 0.3390625 0.309375
1 0.3786269752399384 0.2597604110579795 0.0544341298696164 0.07654577962517131
1 0.43203657304918774 0.14340563684308466 0.049664809252765355 0.07172188730530316
0 0.353125 0.08203125 0.028125 0.0609375
1 0.5417894484545771 0.21297164225336102 0.0735386858759707 0.0974038489046432
1 0.6068865685849609 0.13990386678482505 0.0466216298696164 0.07631845909205773
1 0.8381695706135558 0.2379933404583591 0.094205741882325 0.11830738229073816
1 0.7032706448838548 0.11459764139543123 0.029325035713814885 0.06956835391920828
1 0.64375 0.02109375 0.040625 0.0421875
0 0.16953125 0.67421875 0.3390625 0.6515625
1 0.7417098076279123 0.4451680283050229 0.19258078652459396 0.20706365690134448
1 0.832435993503883 0.5430719823825157 0.23605805113509035 0.19271165188677947