0 0.30703125 0.44375 0.6140625 0.78125
1 0.6546875 0.35 0.03125 0.159375
1 0.7567189655181604 0.7324902815602995 0.12126067021222227 0.17977502471457923
1 0.7558610610735074 0.5276436140698135 0.10596297853284735 0.19320085475263546
1 0.67890625 0.2828125 0.0796875 0.178125
1 0.67890625 0.075 0.0796875 0.15
1 0.8474270459715282 0.32919684380385844 0.09266289152687505 0.15831651878308034
1 0.94140625 0.5703125 0.1171875 0.225
1 0.9734375 0.5296875 0.053125 0.16875
1 0.9495116503605903 0.08056033222518719 0.09905836189159736 0.16112066445037437
1 0.9137047029816321 0.2537710794694024 0.10040265634451409 0.15550985376405224
0 0.765625 0.91953125 0.253125 0.1609375