0 0.3046875 0.2234375 0.609375 0.271875
0 0.8046875 0.1796875 0.390625 0.359375
1 0.05363569878235368 0.4180159123358701 0.0682076081851685 0.09119048439090341
1 0.13824994378138386 0.4468254478152325 0.08600088606495557 0.11829862141421196
2 0.3759573668099824 0.5005680398253498 0.048182150608823096 0.07491071996293312
2 0.3280621296868599 0.5498215061600857 0.07302265394280312 0.09291667549789598
1 0.24166275983276186 0.6964484802993701 0.09445111485312836 0.12638393992586625
1 0.4846465827212774 0.4456027760303517 0.07260806576151388 0.10692461179556512
1 0.5953125 0.521875 0.028125 0.090625
1 0.5118639474052278 0.7936335374630972 0.09174070303441742 0.1122668762235353
0 0.8046875 0.6796875 0.390625 0.640625