0 0.275 0.29453125 0.55 0.5890625
1 0.6427956072697965 0.16118030874633682 0.13403578243518838 0.15659219269935692
1 0.8633323463740332 0.22698042779624722 0.15250155917039337 0.1978538626613009
1 0.57734375 0.1453125 0.0546875 0.071875
0 0.17890625 0.86171875 0.3578125 0.2765625
1 0.67265625 0.6109375 0.0984375 0.04375
1 0.73125 0.60234375 0.075 0.0265625
1 0.6685329346254203 0.8045284021302657 0.09336722376899793 0.1097516847906915
1 0.79765625 0.60546875 0.0546875 0.0328125
1 0.8484375 0.61328125 0.0625 0.0484375
1 0.87421875 0.62890625 0.0796875 0.0796875
1 0.9057811983711751 0.6647642706858845 0.06650979282674854 0.08217051285158128
1 0.9247772168085071 0.7161848492410658 0.08355518119435104 0.10311968281352524
1 0.9609375 0.75234375 0.078125 0.1140625