0 0.18984375 0.284375 0.3796875 0.56875
1 0.8620129353914517 0.39973610015555644 0.11422722668681722 0.15630426634364483
1 0.7386834287078162 0.2662137699499411 0.09229768268618095 0.15008711733238062
1 0.614964665380316 0.3004962987788332 0.07474655601527207 0.11763525025210156
1 0.4802987640435889 0.266099883423924 0.09700336401972635 0.15197739926336587
1 0.94375 0.21953125 0.1125 0.1453125
2 0.9828125 0.22421875 0.034375 0.1484375
1 0.16536356003340758 0.7622971762506725 0.061919292011454005 0.08863616510280767
1 0.30612492003499836 0.7838493841802286 0.038099984006999675 0.054184755447881726
2 0.3409811780314985 0.7605264986626177 0.04127952800763594 0.05909077673520509
2 0.36796875 0.834375 0.0234375 0.04375
2 0.2623209233768162 0.8432354558358692 0.03323067067154524 0.038231973516896466