0 0.18359375 0.14453125 0.1328125 0.2890625
0 0.125 0.73984375 0.25 0.5203125
1 0.9100520016444624 0.8723976248985894 0.07967263103285874 0.09756016674839837
1 0.9251561903892023 0.7093756555208423 0.05212798439090349 0.06648699665201523
1 0.7965053676163788 0.9123417183167428 0.07476687622353531 0.09078990143727203
1 0.6580331446582208 0.9024626416385131 0.07476687622353531 0.09078990143727203
1 0.46676330391404797 0.877312224767517 0.052837312521204535 0.08679949665201522
1 0.42627471316987514 0.8688970087377544 0.07821925843752046 0.10051174497802293
1 0.36091260799773195 0.8765437552671722 0.0716964399258662 0.09200555789652114
1 0.2609375 0.8671875 0.021875 0.084375
1 0.32564477450995327 0.6961668283522221 0.0618303666048885 0.07690252727426809
1 0.4639260245099533 0.7115146550304519 0.056979175497895974 0.07169476196314176
1 0.5399354530030741 0.6909326500084748 0.061830366604888456 0.07690252727426809
1 0.6766715611704421 0.7280687658015168 0.06969743030721923 0.07933213612614551
1 0.7787524163425853 0.7244974308759229 0.0665724303072194 0.07898529258539462
1 0.9729835990968754 0.5076346215506046 0.0444791754978958 0.0703073878001379
1 0.8810862757758976 0.5115519479836392 0.0587599303072194 0.0781181837335172
1 0.8101190113479273 0.5224979683167427 0.0582688569862416 0.0640556837335172
1 0.6881720894782285 0.4885718593422677 0.05708830290255769 0.07481976196314175
1 0.6366269476455966 0.5048106518050648 0.05234623920022674 0.07273699665201523
1 0.5190674254130779 0.4799985581417162 0.05234623920022674 0.07273699665201523
1 0.444293114705972 0.5101289849340688 0.048948420688572546 0.06457765311126433
1 0.32847714174781395 0.5027645239262835 0.048948420688572504 0.06457765311126433
1 0.2578125 0.51640625 0.015625 0.0765625
1 0.25546875 0.41328125 0.0109375 0.0546875
1 0.33947169465037164 0.4349683436633486 0.048948420688572546 0.06457765311126433
1 0.4639186231434925 0.41976241352301125 0.04593254809323426 0.06735580957051335
1 0.6037921441948847 0.3670547793160533 0.04437004809323426 0.0671823878001379
1 0.6981051393855612 0.3837967964237697 0.05234623920022692 0.07273699665201527
1 0.8240773623437192 0.39228849893899553 0.05234623920022692 0.07273699665201523
1 0.9084994915624796 0.35538610276889593 0.058759930307219224 0.0781181837335172
1 0.83828125 0.296875 0.0484375 0.015625
1 0.7421875 0.30390625 0.05 0.0296875
1 0.61796875 0.309375 0.0453125 0.040625
1 0.5530307415624796 0.3159326500084748 0.0438244110699257 0.0515573878001379
1 0.48359375 0.315625 0.0453125 0.053125
1 0.3953125 0.31484375 0.05 0.0515625
1 0.2882117842134181 0.35320404258539456 0.0358482199629331 0.04600277894826048