0 0.1984375 0.2546875 0.3625 0.509375
0 0.71953125 0.2546875 0.5609375 0.509375
1 0.01953125 0.60078125 0.0390625 0.0703125
1 0.07995150787148439 0.824991920624891 0.0678188527754692 0.09405152837152997
1 0.06712915019028039 0.5445997269722394 0.047795512851581276 0.06225595909205774
1 0.12811572973404495 0.5643643091838353 0.044479511862997964 0.057477530878812376
1 0.19550752368881508 0.753265336301724 0.05780718281352506 0.07815374373179385
1 0.19323936954420198 0.693753943981856 0.044479511862997964 0.057477530878812466
2 0.03551173566554393 0.5335114627864744 0.029462006920082117 0.03363085391920826
2 0.19919489228161505 0.5859869080884786 0.029907675893442943 0.044568353919208284
1 0.215625 0.528125 0.03125 0.0375
1 0.26459971638817203 0.6316918646732539 0.039346342889637495 0.04640363855894432
2 0.246875 0.5234375 0.03125 0.028125
0 0.3058268942587814 0.5797034673388209 0.03322367688202625 0.04934678213245362
1 0.36015625 0.56796875 0.0390625 0.0515625
1 0.37421875 0.57421875 0.0109375 0.0359375
2 0.3394352317112112 0.5611269635778973 0.026464340912470873 0.03666492570596289
0 0.66015625 0.79140625 0.5609375 0.4171875