0 0.28125 0.25703125 0.475 0.5046875
1 0.784375 0.3125 0.4125 0.39375
1 0.03685322188333364 0.7380886567156908 0.016279616641249994 0.028943871551297563
1 0.016650477867257284 0.7752644301214392 0.021185322188333355 0.03856453301668683
1 0.04811998983510457 0.8533827860689044 0.04393314437666671 0.07721095318850324
1 0.07535398385118093 0.81657550486124 0.0262728656913195 0.0559976944820761
1 0.12321025560267404 0.8276668130926975 0.06958776101791671 0.10664614767057934
1 0.1984375 0.96484375 0.08125 0.0703125
0 0.15898279502159757 0.7554133548158115 0.014608013867708358 0.02417448439616763
1 0.3208301380114934 0.836463038216611 0.03285017401194459 0.07038774310259513
1 0.3590918977951392 0.7705824106724197 0.026091027735416716 0.0481851944820761
1 0.41581598290125044 0.860948461101961 0.043933144376666886 0.07721095318850324
0 0.7171875 0.7546875 0.396875 0.490625