0 0.125 0.125 0.25 0.25
2 0.39725962800003134 0.07649743908268669 0.089514631123531 0.1347941070321154
1 0.5308515327692718 0.1705607148394231 0.10727081618646546 0.16392040252860873
1 0.65579325579957 0.11201942474160073 0.08281434523075966 0.10793121838316733
1 0.765625 0.053125 0.109375 0.10625
1 0.9135349008205482 0.08617311382428738 0.04787066016782511 0.07770349784053163
1 0.97421875 0.04921875 0.0515625 0.0984375
1 0.0125 0.94765625 0.025 0.1046875
1 0.02900561285318437 0.5445384353820588 0.05388386182749905 0.07497901603912886
1 0.13166774895109282 0.6055982464562557 0.08077824855010754 0.10158108883351816
1 0.2044200099487549 0.5278551758213349 0.05255816016782511 0.07800388648947969
1 0.24140625 0.39453125 0.0171875 0.0671875
1 0.1671875 0.36796875 0.0375 0.0359375
1 0.0140625 0.38203125 0.028125 0.0515625
0 0.68203125 0.4484375 0.3640625 0.196875
2 0.98359375 0.4671875 0.0328125 0.121875