0 0.2296875 0.3140625 0.459375 0.509375
1 0.6062833692258783 0.07293334874281462 0.059661784547746774 0.0615738466740904
1 0.8022978866446838 0.2198827161043589 0.05433655575957417 0.05370680267345414
2 0.8841379469461857 0.2614985987825856 0.05940669303247788 0.05844884667409058
2 0.7601420796771616 0.16152477609799548 0.05433655575957417 0.05370680267345414
2 0.7192936811943703 0.10631001742517761 0.05095646424430526 0.05054544000636341
2 0.5493955114997517 0.04177370806808778 0.05315669303247787 0.05837612133990877
2 0.4734375 0.0125 0.028125 0.025
2 0.5328125 0.0171875 0.05 0.034375
0 0.6753523625579185 0.1081446900859051 0.059661784547746954 0.061573846674090583
2 0.8681142052811357 0.21830258211326753 0.03392846091032524 0.03317612667090888
0 0.2296875 0.784375 0.459375 0.43125
1 0.91640625 0.596875 0.1296875 0.05625