0 0.175 0.184375 0.35 0.36875
1 0.38046875 0.31171875 0.0609375 0.1140625
1 0.38990799344739546 0.1795940063615748 0.03364895459715278 0.03880822177194432
1 0.44980901709874954 0.21879391592796377 0.056178571238402954 0.06884703628657399
1 0.5399625448341663 0.1641269568326862 0.08830139342673622 0.10908105702175908
1 0.47342966147541626 0.14188010141333418 0.02576371941479181 0.034999716588148114
1 0.429461455928333 0.15508273044259338 0.024019381458888843 0.027050515551388887
1 0.5469412030785413 0.06527935372240838 0.036883057370694416 0.04376912384546294
1 0.6705423572388539 0.047448721818427145 0.03361258700597229 0.037245721771944316
1 0.7315883068020136 0.07095528086643652 0.03372168977951393 0.04193322177194432
1 0.80390625 0.040625 0.0703125 0.08125
1 0.9640625 0.0078125 0.04375 0.015625
1 0.6246304451947566 0.04366890240282526 0.01606141109416672 0.020117010367592593
1 0.65234375 0.0078125 0.0234375 0.015625
1 0.68515625 0.00859375 0.0171875 0.0171875
1 0.7421875 0.01953125 0.03125 0.0390625
1 0.0328125 0.475 0.065625 0.2125
1 0.09296875 0.44140625 0.1859375 0.1453125
2 0.3625 0.69140625 0.025 0.0671875
2 0.3868174014074301 0.6880783240337504 0.048075130508958355 0.055663531102777594
2 0.4192486949104163 0.6680884527801856 0.05120013050895835 0.05593693317629622
2 0.4643618263693051 0.6391924732325468 0.046403527735416714 0.050839330066018464