0 0.184375 0.2796875 0.36875 0.440625
2 0.4679152496072165 0.0821352682485685 0.05039088544042354 0.06747839149054773
1 0.46005327351312575 0.2079665152235064 0.08501132513557326 0.10986587939029935
0 0.47794527634179607 0.3289602712736306 0.08974427693097135 0.11770565046753827
2 0.7953125 0.01484375 0.053125 0.0296875
2 0.82421875 0.0265625 0.0515625 0.053125
2 0.6627328459182245 0.13022226854315608 0.06138292759490129 0.07691702400410509
1 0.6817060805965223 0.3027739794137405 0.07401928298109554 0.10042724687674216
1 0.7622930052645572 0.32261832592114015 0.06774201190385672 0.09570338544042353
2 0.9387681050916067 0.03798827498606374 0.048810204722264314 0.06434430113146812
2 0.9716578731437835 0.05107862744539178 0.04569429508134384 0.0658886204133089
1 0.98828125 0.115625 0.0234375 0.103125
0 0.16015625 0.75 0.3203125 0.5