0 0.2984375 0.3546875 0.596875 0.709375
2 0.6234375 0.16953125 0.046875 0.0796875
1 0.6171875 0.32734375 0.034375 0.0828125
1 0.6583192469970693 0.42105903876695444 0.06399351581733086 0.08104656798575327
1 0.6636567099252003 0.5980806104050578 0.07075285178688588 0.094166728804805
1 0.868385244068501 0.0591115442599365 0.060104511862997964 0.06198648757622758
1 0.9652973947530729 0.14481536736476258 0.06542868182494192 0.07807660819051634
2 0.9727040350575216 0.2710556890028658 0.0539818458553869 0.06449132675717592
2 0.8929316689361798 0.41923754937900914 0.06262201680591399 0.08557902778099055
1 0.9921875 0.60703125 0.015625 0.0578125
0 0.28515625 0.91875 0.5703125 0.1625
0 0.8 0.94765625 0.4 0.1046875