0 0.215625 0.175 0.43125 0.35
1 0.44765625 0.628125 0.1640625 0.25
1 0.5515602301504051 0.6489227924490653 0.029580492142117176 0.031413626463433084
1 0.5665259505809005 0.7300637081401099 0.042735463606069855 0.04554884933607006
1 0.6124784594722407 0.6657512232654204 0.03321491439185813 0.042369307181592396
1 0.6411920026905964 0.8374125998270493 0.13613020678164434 0.17262040944452864
1 0.6688012340793466 0.6638614703385541 0.02787244292790545 0.028279536104353475
1 0.7537562768834174 0.6844552505891752 0.019768844499481998 0.02198408430895542
1 0.7721231331697237 0.70934162110068 0.03136131596343468 0.0361102168225127
1 0.8065302123677249 0.7755297024827692 0.04985875889134021 0.0643352107723885
1 0.9065665996712777 0.7741666695016736 0.07460620181924557 0.09259656615858276
1 0.8774998378844534 0.727473476683266 0.028818512820281583 0.048592036104353475
1 0.8184352069910412 0.7043859555078312 0.01991439371369381 0.02510908430895542
1 0.9606419776692057 0.6863757780111259 0.031142992142117087 0.0314227168225127
2 0.9202716887940762 0.681143377347196 0.018206344499482087 0.021974993949875808