0 0.24375 0.340625 0.4875 0.51875
1 0.748403077529417 0.3857299843837102 0.04923067885919252 0.058085210772388506
1 0.830799083460916 0.3580776830558503 0.04467051285158128 0.06118293969514958
1 0.9683309169590133 0.3580963846548566 0.039983012851581276 0.061155668617910844
1 0.046875 0.6609375 0.09375 0.121875
1 0.34921875 0.65 0.0828125 0.1
2 0.4155905775294171 0.7548708698241338 0.03379667984777566 0.0626818071815924
1 0.4848326674533049 0.7240163004440971 0.025092841901054187 0.040761355386194256
1 0.52518575342286 0.7117481046006274 0.027546679847775656 0.06264544574527386
1 0.62265625 0.6640625 0.1109375 0.128125
1 0.5451679895826956 0.7775049148072818 0.02528384288963732 0.045448855386194253
1 0.8453483561983293 0.6598275771786767 0.06552152372599629 0.11285452400410509