0 0.1296875 0.26484375 0.259375 0.5296875
1 0.5264776526854921 0.17179074833561253 0.06145673658176474 0.08650116306150357
1 0.5876933598098926 0.06276061293622011 0.0469937183831675 0.07893837229612766
1 0.6547714358434842 0.10753288394280087 0.06029475478036197 0.09260529742090622
2 0.7329267142211142 0.12661784879296567 0.04951794108527139 0.06985510357732228
0 0.7656495766519005 0.15560814288610675 0.06351988433001132 0.09445952870210092
1 0.8852809562015498 0.16520436439180183 0.05606832973421945 0.07512606613971169
1 0.9578382742155769 0.23485178078107055 0.051581088833518154 0.07781346921791972
2 0.28125 0.9578125 0.04375 0.084375
2 0.35546875 0.9796875 0.0828125 0.040625
1 0.64453125 0.90546875 0.1890625 0.1890625