0 0.3109375 0.3484375 0.478125 0.440625
1 0.584375 0.03984375 0.06875 0.0796875
1 0.7143586606063209 0.12912854538532503 0.1018544960216353 0.1698854235265678
1 0.85390625 0.52578125 0.0796875 0.0859375
1 0.8830172065961396 0.22194699777020926 0.0989294906906352 0.18674447279136236
1 0.85625 0.01171875 0.071875 0.0234375
1 0.8554291032781844 0.10562757846956083 0.043296561346272 0.09974658492527073
1 0.00859375 0.8546875 0.0171875 0.078125
1 0.16822055195736568 0.8992440202030346 0.04616702267663584 0.078200035660476
1 0.295582483290911 0.9110658876626481 0.04620338534372674 0.081325035660476
0 0.77890625 0.784375 0.4421875 0.43125