0 0.3234375 0.21640625 0.490625 0.4328125
2 0.6475279370552409 0.31329458801758364 0.027744566772189748 0.04139788981258565
2 0.7855674946562307 0.35249714350700223 0.026272994985435005 0.044477425705962935
2 0.867470712523777 0.38615674115800436 0.03422188730530316 0.04939224623907634
2 0.9576638035108616 0.40363740934211984 0.03573892319868044 0.04787521034569906
0 0.284375 0.71953125 0.56875 0.5609375
1 0.5890625 0.70859375 0.040625 0.0859375
1 0.609395102732074 0.6785117257185982 0.05107441818411544 0.09203438730530315
1 0.709821000066507 0.7205293926490726 0.037483279625171305 0.05417067445232178
1 0.816986293877443 0.6384192377927921 0.07804609514371955 0.10686977711788863
1 0.96953125 0.7125 0.0609375 0.10625
2 0.7320908051602142 0.7344698721951014 0.055398205331134064 0.0796707796251713