0 0.33984375 0.284375 0.6796875 0.56875
1 0.7609375 0.14609375 0.1625 0.2921875
1 0.0694118255327703 0.8492951566041492 0.06116987336031983 0.0670923247398008
1 0.03924072591688308 0.7114166983272632 0.049822937584671045 0.05870661465389269
1 0.19774486544686204 0.8534769663059446 0.06494997060135788 0.07975609905006031
1 0.28988585707911907 0.6414063342391976 0.058126760515449585 0.06849105042954129
1 0.2759694419956852 0.7434192135924113 0.06157930913596861 0.0749048247398008
1 0.5352271760531687 0.9401902357549641 0.07144563206674696 0.08477114767057933
1 0.5284260566495778 0.6834422687716509 0.06149742198083885 0.0733423247398008
1 0.60234375 0.59609375 0.0578125 0.0546875
1 0.67109375 0.753125 0.0171875 0.071875
1 0.83984375 0.771875 0.3203125 0.40625