0 0.125 0.225 0.25 0.45
1 0.259375 0.040625 0.01875 0.065625
1 0.2609375 0.12421875 0.021875 0.0765625
1 0.278125 0.4078125 0.05625 0.06875
1 0.4095586222286661 0.049586572260295725 0.05311171189493056 0.06345646424430526
1 0.40989829545270035 0.37045705271545837 0.06355124491161739 0.08453423879011232
1 0.5131173914505429 0.12429991665050277 0.05384869629109836 0.07751896424430509
1 0.69140625 0.009375 0.0484375 0.01875
1 0.63183641395178 0.06910262043382627 0.050478034825709096 0.07257637272903601
1 0.7489917729514631 0.388283441945216 0.06034435775648763 0.08271664727484325
1 0.86640625 0.00859375 0.0515625 0.0171875
1 0.8685728533454735 0.15491334830391512 0.05195864767057934 0.07114141848667047
1 0.9754469730877489 0.11323641814831484 0.048587986205190246 0.06619882697140156
1 0.9684134803238379 0.30838942148229476 0.048751760515449404 0.06932382697140156
1 0.9796875 0.3640625 0.040625 0.065625
1 0.027052659429224322 0.5393661625676168 0.027292840343632996 0.045790732122152546
1 0.10467637041964375 0.5683364433223419 0.03913109905006031 0.06387105242559432
1 0.240625 0.69921875 0.01875 0.1078125
1 0.33106072874195824 0.49676394544837377 0.0367497274987628 0.04811850666795978
1 0.3772330438708206 0.5094713684769723 0.02721095318850324 0.044228232122152544
1 0.2625 0.58203125 0.025 0.0390625
1 0.3160708938253921 0.5999845402976227 0.03987472749876284 0.04837359818322886
2 0.2817987924004826 0.6945794342384861 0.0367497274987628 0.04811850666795969
2 0.3198177708037565 0.7613046775705263 0.03198034034363308 0.04617336939505616
1 0.4583911906368888 0.5459990577164282 0.028445904567984303 0.038105777879787084
2 0.47129066033373557 0.5975137602918037 0.025075243102595034 0.033163186364518
0 0.45983526119281815 0.7082917636257837 0.03847600180902226 0.051371052425594324
1 0.42306560153645123 0.7552304075666469 0.04003850180902226 0.05149859818322895
1 0.45958071291098335 0.9279983568080427 0.04513543758467105 0.05969373545613248
1 0.57734375 0.46015625 0.0296875 0.0203125
1 0.5411660690855913 0.5235503596829807 0.02968085594746528 0.03198332363742162
1 0.6581521732240343 0.4951706549815732 0.028445904567984216 0.038105777879787084
1 0.6194515213695834 0.5352055946800711 0.0314071302577247 0.035235869395056164
1 0.5405286612382467 0.6161842698347015 0.028609678878243817 0.04123077787978709
1 0.6204242011523384 0.5986781633165229 0.03181656603337348 0.043048369395056164
1 0.5350233689493058 0.7806134316534122 0.0352691146538926 0.04955346091032524
1 0.527975508817969 0.8557250019568541 0.03526911465389251 0.04955346091032524
1 0.554739404679526 0.8723704969558842 0.03863977611928178 0.05449605242559432
1 0.5938229160994867 0.9594082402879245 0.027047178878243726 0.04110323212215263
1 0.632723884553138 0.7585155489224367 0.03674972749876275 0.04811850666795969
1 0.624962294209505 0.7152119590741575 0.034614017412854636 0.03705346091032524
1 0.7688849553362098 0.4822086561895212 0.028282130257724702 0.03498077787978708
1 0.6846637635676673 0.5369436957382379 0.028609678878243727 0.04123077787978709
1 0.7557984571452321 0.5319216137658664 0.028282130257724702 0.03498077787978708
1 0.7327261273170487 0.5557735730092018 0.03198034034363299 0.04617336939505616
1 0.6800791621427578 0.6291152202840451 0.028445904567984216 0.038105777879787084
1 0.8430594397323776 0.490276505580698 0.02647396879233561 0.030165732122152546
1 0.7969048139972086 0.5827029927038204 0.030008404567984214 0.03823332363742162
1 0.8643789190401627 0.5826872751255354 0.028282130257724702 0.03498077787978708
1 0.7690807864075888 0.7105089993717801 0.034777791723113974 0.040178460910325245
1 0.7399166660994867 0.9474827119490954 0.04497166327441153 0.05656873545613248
1 0.98828125 0.459375 0.0234375 0.01875
1 0.8838183158062309 0.6242530217915555 0.03181656603337366 0.043048369395056164
1 0.9220619442549335 0.605439377850692 0.030008404567984214 0.03823332363742162
1 0.8985292689947343 0.6654201557304791 0.03313340456798421 0.03848841515269079
1 0.8962098524409623 0.7409303387610173 0.03198034034363317 0.04617336939505616
1 0.8654921189493058 0.7536375039137081 0.03847600180902226 0.051371052425594324