0 0.3 0.23984375 0.6 0.4796875
2 0.66015625 0.434375 0.1203125 0.090625
2 0.64765625 0.24140625 0.0953125 0.1671875
1 0.66171875 0.053125 0.1140625 0.10625
1 0.759375 0.07890625 0.146875 0.1578125
1 0.8317203275927424 0.06256582403722555 0.06830738229073816 0.09295111600890867
2 0.8748003893503672 0.1474135387094071 0.14938754922121245 0.19542268268618096
1 0.86171875 0.39609375 0.1765625 0.1671875
1 0.94921875 0.41015625 0.1015625 0.1390625
2 0.9578125 0.1265625 0.084375 0.146875
1 0.23046875 0.79609375 0.4609375 0.4078125