0 0.28984375 0.184375 0.5796875 0.36875
1 0.953125 0.05 0.075 0.1
1 0.2245742384180635 0.5901591740170038 0.05905397642635144 0.09661605042954129
1 0.35439017100688674 0.6029347337187992 0.05698205417661058 0.08559666327441154
1 0.4669757541338292 0.5148028906616327 0.06864730024766903 0.10179487336031982
1 0.6599337338699496 0.5001372823393183 0.06374147642635145 0.09686171189493056
2 0.9515004956567739 0.43786749717492485 0.00690497146395277 0.014390048620519024
1 0.8725942456567738 0.44200279850897733 0.010029971463952769 0.014553822930778537
1 0.7791353440851972 0.45316602781676246 0.0035616476426351797 0.009538774310259512
1 0.8032449321745385 0.4495530269122513 0.00668664764263518 0.009702548620519025
1 0.8055159075674325 0.4478676961795567 0.00690497146395277 0.014390048620519024
1 0.8279538337461151 0.44199283243017523 0.0035616476426351797 0.009538774310259512
1 0.8368022948709856 0.4470112030769616 0.0035616476426351797 0.009538774310259512