0 0.1828125 0.225 0.365625 0.45
2 0.46484375 0.059375 0.1109375 0.11875
1 0.4883431385464072 0.23424408777069017 0.1358776497095498 0.21181511688838306
1 0.6362883329220548 0.24765766909364598 0.1647303957806084 0.23006569841913488
2 0.75390625 0.05234375 0.1296875 0.1046875
1 0.8788632847413004 0.13322565890255444 0.1174529813887503 0.18364809484181252
1 0.9578125 0.209375 0.084375 0.246875
1 0.053125 0.63984375 0.10625 0.3421875
1 0.2328125 0.5296875 0.1375 0.159375
1 0.5959052355270886 0.7741076372715759 0.06454199710451584 0.11648039434269819
1 0.9308474698113229 0.6806111886446451 0.0828211162111037 0.14152241638926882