0 0.1546875 0.31484375 0.309375 0.6296875
1 0.325 0.409375 0.03125 0.059375
2 0.32578125 0.5375 0.0328125 0.053125
2 0.3875 0.60703125 0.03125 0.0453125
1 0.3462586052393565 0.2839584713558171 0.02323892319868044 0.047129538669636165
1 0.48892451220720795 0.5646192200429525 0.04244356426490725 0.0629727146721816
1 0.5065726649519172 0.495269783378407 0.03761967194503919 0.058230670671545325
2 0.4769342922280905 0.35894138470717996 0.029397994985435005 0.04407726400381797
1 0.44203410649299774 0.29601412336886207 0.031096887305303154 0.04878294533736351
1 0.5521843448145153 0.35122033871736136 0.031096887305303154 0.04878294533736351
1 0.6088649391668121 0.5519475920591791 0.04230717194503928 0.0582852146721816
1 0.6989420213784079 0.4912560874044967 0.04088106426490725 0.06295453333863606
1 0.672158212523777 0.44483507340067874 0.04029003087881229 0.04264203333863605
1 0.6232159103330638 0.30046690806013354 0.03739235141192587 0.050418170671545325
1 0.5171083143314142 0.2406186460454979 0.03739235141192587 0.050418170671545325
1 0.37190712608903903 0.15452551002545337 0.029170674452321688 0.03626476400381797
2 0.35344428259467203 0.11757949335613534 0.029397994985435095 0.04407726400381797
2 0.4187366619824163 0.15663345003181672 0.03578438730530316 0.048837489337999786
2 0.44862039027480394 0.12337605470240742 0.027699102665567032 0.03937158267027261
1 0.5216487133151999 0.13829307737904334 0.030960494985435093 0.044095445337363426
1 0.4890468134734844 0.07695558804104356 0.034085494985435005 0.044131808004454334
1 0.46045045203242874 0.03911014270368014 0.026136602665567034 0.039353401336727066
1 0.5337431995251463 0.018080574713543296 0.02756271034569897 0.034684082670272606
1 0.38376828008738956 0.09604993869349876 0.026136602665567034 0.039353401336727066
1 0.5956424912910184 0.22746521272277015 0.034085494985435005 0.044131808004454334
1 0.6201627696625482 0.16366634205917913 0.03435827962517113 0.05350680800445442
1 0.6612363990502926 0.20243848806490608 0.032659387305303156 0.04880112667090888
1 0.6930965013201483 0.31612881806967863 0.029397994985435005 0.04407726400381797
1 0.812303490895307 0.38238162141945065 0.034085494985435005 0.044131808004454244
1 0.7897334720906886 0.21800094808240528 0.03243206677218957 0.04098862667090888
1 0.7180857926238019 0.20935210673931487 0.032659387305303156 0.04880112667090888
1 0.7301371632360576 0.17119812607413296 0.027699102665567032 0.03937158267027261
1 0.7242796198208329 0.1039197194064057 0.026136602665567034 0.039353401336727066
1 0.6557629520324288 0.04138280939686072 0.027699102665567032 0.03937158267027252
1 0.7996660647271258 0.09151117341658707 0.02756271034569906 0.034684082670272606
1 0.8568898798499628 0.1929924047580867 0.029397994985435005 0.04407726400381797
1 0.9257976895625234 0.4032401087682681 0.0423071719450391 0.0582852146721816
1 0.8923129028112162 0.2379509160964047 0.032659387305303156 0.04880112667090888
1 0.9238751398790926 0.28130147410085904 0.03578438730530316 0.048837489337999786
1 0.9245403811036039 0.20472079276731353 0.032659387305303156 0.04880112667090888
1 0.9493859537482884 0.37147248810467703 0.032659387305303156 0.04880112667090888
1 0.93046875 0.00546875 0.0296875 0.0109375
1 0.9890625 0.06171875 0.021875 0.0421875
2 0.81328125 0.8171875 0.3734375 0.365625