0 0.225 0.275 0.45 0.55
1 0.4859375 0.29296875 0.071875 0.1265625
1 0.5125328534740627 0.16836650824544366 0.07745506242753404 0.09159523677523325
1 0.6022333401381432 0.23156518728346082 0.08341802000387943 0.10749325256024882
1 0.5824308942307275 0.18839901620853858 0.04834164727484325 0.058798147326811726
1 0.6060443821027559 0.3658568872975783 0.11734648091420449 0.14212585779368575
1 0.7829734149835128 0.30345705588283894 0.11578398091420468 0.1420348525320138
1 0.9391756175588883 0.30446727708481813 0.08823306576151388 0.10932876834526421
1 0.82265625 0.50390625 0.1484375 0.0921875
1 0.8305819964968423 0.3488913822476679 0.0706948793969957 0.08498121572854593
1 0.14140625 0.69609375 0.2234375 0.2921875
1 0.3828125 0.61875 0.134375 0.1375
1 0.3859375 0.80625 0.128125 0.25
1 0.4703125 0.5734375 0.040625 0.046875
1 0.52421875 0.5625 0.0609375 0.025
1 0.6167100415055707 0.6145358529555369 0.07550992515463033 0.08681673151356133
1 0.7602050789282556 0.6473876083583832 0.07550992515463051 0.08681673151356133
1 0.86796875 0.61796875 0.1359375 0.1359375
1 0.960779034837611 0.6287076848643864 0.07653029121570665 0.09931673151356132
1 0.9921875 0.734375 0.015625 0.05625