1 0.1633881643656153 0.08324061381435817 0.0768000535707225 0.10924719636645772
1 0.16477516071216733 0.20739559093554094 0.08822847727182861 0.1382650166698994
1 0.1428042978853843 0.5129760401769365 0.102481892044481 0.1503504284886102
1 0.23125 0.18515625 0.015625 0.1046875
1 0.2722054257264057 0.4820306053102305 0.022529564934808198 0.039285640606883374
1 0.30628614528759657 0.5573653162205557 0.012881829545304768 0.022895366061076318
1 0.338416806813838 0.520981277130881 0.017732970779006863 0.032653003333980024
1 0.3775202171222635 0.5265136710717444 0.0209670649348082 0.039158094849248926
1 0.39498045251176694 0.5435416744057243 0.017732970779006863 0.032653003333979844
1 0.41844522605071727 0.5470173607702424 0.019213650162155815 0.028093049091614475
0 0.48281741760873087 0.6146829639544411 0.03373980032431145 0.055803460910325245
1 0.644166200483172 0.4726065185060673 0.035493215096963834 0.0668685066679597
1 0.7777326769442217 0.4819491807838201 0.03554776217486459 0.0699935066679597
0 0.6734375 0.93515625 0.653125 0.1296875