1 0.2296875 0.278125 0.459375 0.403125
1 0.8703125 0.2546875 0.259375 0.45
1 0.20859375 0.5390625 0.1171875 0.11875
1 0.12286161002133636 0.8111287504622184 0.046906693032477874 0.05904003087881229
1 0.0575713209316616 0.845918939100305 0.03689396424430509 0.050954746239076344
1 0.09998196153854506 0.8666118723281153 0.03820137272903601 0.04787521034569906
1 0.4425684610795031 0.7368284662847008 0.04158146424430509 0.051091138558944316
2 0.4697683030538141 0.8589846111118513 0.03144118969849785 0.04144335391920819
1 0.5307864539525015 0.5799897814075379 0.06131987939699588 0.08284124373179384
1 0.9046875 0.5390625 0.190625 0.11875
2 0.62734375 0.68125 0.0765625 0.153125