1 0.1859375 0.18828125 0.371875 0.3140625
1 0.9184249837255587 0.2723212092498963 0.130440869581383 0.174748039703264
2 0.6708668928130876 0.23065581363895857 0.10617569863085592 0.15389002583555564
2 0.7881260355889943 0.120211235751042 0.06383168973360753 0.11075696846486113
0 0.54609375 0.1328125 0.0734375 0.171875
2 0.00703125 0.66015625 0.0140625 0.0578125
1 0.039486900227461416 0.7110908088893059 0.051366181824942105 0.07300239532659729
1 0.1308639753226016 0.674192180564549 0.060070019771663395 0.09505923328250007
2 0.14278831376361473 0.6986655037028129 0.025665844866803768 0.05523301386770836
1 0.1932021492388783 0.7099855166205907 0.051684516805913995 0.08081489532659729
2 0.22357274015134934 0.746595817057431 0.026846342889637498 0.04589438145888884
1 0.2512666586304185 0.7558259999030907 0.04811384783255335 0.06980466014423614
1 0.37982008155811187 0.7884774585843062 0.052928681824942106 0.0730387629177777
1 0.5779710800752371 0.5222425951740973 0.11041752965749527 0.14306162860909727
1 0.8448985949039848 0.5987012180836115 0.10116986364988403 0.1459684230620139
1 0.9390625 0.4859375 0.1 0.071875