1 0.328125 0.44453125 0.221875 0.5890625
2 0.47890625 0.6296875 0.0796875 0.06875
2 0.4968920069578239 0.07340020704681267 0.09926616061076281 0.13488504091140213
2 0.5046092989224366 0.20647539580230695 0.08874324879205205 0.11978201028914928
2 0.62421875 0.0546875 0.1078125 0.109375
2 0.6383146192258783 0.18079704532039131 0.042155291215706645 0.09912777894826048
2 0.7189427369539445 0.15094549591642972 0.057652745458072016 0.09929949665201523
2 0.7375 0.04453125 0.05 0.0890625
2 0.81640625 0.03359375 0.0671875 0.0671875
2 0.8101894902879245 0.12378624411983977 0.0454397878817268 0.08246054425938691
0 0.1234375 0.884375 0.246875 0.23125