1 0.02265625 0.0546875 0.0453125 0.109375
1 0.05 0.03046875 0.0625 0.0609375
1 0.15560894139876974 0.23391462806759603 0.07778064934754489 0.10691524122451135
1 0.11640625 0.0125 0.0453125 0.025
1 0.2 0.01328125 0.065625 0.0265625
1 0.25703125 0.0171875 0.0546875 0.034375
1 0.30625 0.03671875 0.06875 0.0734375
1 0.36796875 0.04140625 0.0796875 0.0828125
1 0.73203125 0.16328125 0.4203125 0.3265625
1 0.20703125 0.7609375 0.4046875 0.478125
1 0.7842242900620426 0.732449067959324 0.25339990937299817 0.299461757059629
1 0.9453125 0.721875 0.109375 0.196875