2 0.030172271568218178 0.11094207247267382 0.04406816256778665 0.055705792553055564
2 0.0671875 0.0109375 0.046875 0.021875
2 0.31953125 0.009375 0.0359375 0.01875
1 0.2780103287498106 0.08545633567479208 0.03620112041330899 0.04614895459715278
2 0.30188819028432484 0.14461378333809072 0.029969301131468208 0.04912848423243057
2 0.2695978650505557 0.18839949771888928 0.03312157220870695 0.05388871941479163
2 0.25269164530117677 0.2739551380114934 0.040961343285945875 0.058758057370694415
2 0.20844622073133764 0.3580930954584378 0.050372704722264315 0.0652262629177777
2 0.22516102205919744 0.439743138961424 0.042478391490547905 0.05098192496187508
2 0.19208892594458132 0.6179038533422225 0.04402271077238851 0.047893292553055744
2 0.186860549579344 0.710763500568681 0.056695427594901295 0.0778717332825
2 0.16042985978599847 0.6874890015186115 0.025272710772388508 0.04745688145888884
1 0.3278689073032293 0.2452320323881602 0.04406816256778665 0.055705792553055564
2 0.34867631099222135 0.29494174486909763 0.04882838544042371 0.06831489532659737
2 0.3781052566392994 0.20577079530593795 0.04722043364502539 0.06046602773541672
2 0.35239672951193635 0.1926707300514588 0.03624657220870695 0.05396145459715278
2 0.384375 0.01875 0.025 0.0375
2 0.40091201844496016 0.046123691582465785 0.040943162567786476 0.0556330573706945
2 0.4366813468019872 0.07586639617961861 0.040943162567786476 0.05563305737069442
2 0.47421875 0.07734375 0.0109375 0.0421875
2 0.459375 0.18203125 0.040625 0.0546875
2 0.400720079142594 0.3477225591736463 0.03777271077238851 0.04774782218833344
2 0.31401898897990604 0.47697234165871566 0.03942611436318479 0.06340918977951375
2 0.33869173605303987 0.5338042231176046 0.04724770472226432 0.06515352773541672
2 0.3824099197962612 0.5402912656706602 0.04567611436318479 0.06355466014423605
2 0.4271007719610016 0.3795908082237158 0.04724770472226432 0.06515352773541672
2 0.32578125 0.7375 0.0421875 0.025
2 0.46875 0.5171875 0.021875 0.053125
2 0.46953125 0.65546875 0.0203125 0.0609375
2 0.4734375 0.72890625 0.0125 0.0390625
0 0.73984375 0.46484375 0.5203125 0.5703125
2 0.01953125 0.92109375 0.0390625 0.1578125
2 0.0640625 0.91328125 0.128125 0.1734375
2 0.16171875 0.91171875 0.1765625 0.1765625