1 0.1760768483942421 0.13396097040729177 0.05753070018457009 0.07402136696193881
1 0.2934343291159106 0.1603552156621284 0.059293459283868796 0.0773014071667018
1 0.4070252621816176 0.21276932020029485 0.06916910703211539 0.08604414839527923
1 0.07754971082502826 0.09856722771199151 0.03425388648947965 0.04997580409525817
1 0.29401651758028846 0.09675783627641713 0.03924177513842757 0.05512842470954684
1 0.22282263803063912 0.08814100695970484 0.027503238741233015 0.04154314327620652
1 0.38061415406976806 0.15192748723123267 0.059794107032115386 0.08511390716670171
1 0.5773284677648587 0.19318251282659613 0.05430557063492074 0.07214878655241304
1 0.0753351711886312 0.14880583699532135 0.02890505243632351 0.06341814327620651
1 0.325 0.6640625 0.21875 0.209375
2 0.75546875 0.93125 0.2109375 0.1375