2 0.38633119196505067 0.04288175028434045 0.04319662094116259 0.058794424961875036
2 0.37908570779336326 0.09976752991961821 0.03727390340856669 0.07739895459715278
2 0.5516561830365969 0.06392421494947946 0.054461403408566686 0.07779899810013893
2 0.5929709297901861 0.1149061399113545 0.048238676947516976 0.07921602773541672
2 0.6230987605533068 0.13514655793937536 0.04511367694751698 0.07914329255305556
2 0.47386459943410236 0.266884254368403 0.05596935633066593 0.0747103656913195
1 0.5092003072274658 0.4365252603523267 0.06575345941492108 0.09836607123840295
1 0.5918355292242885 0.4486089926848962 0.05944891233702041 0.09509560087368066
2 0.7393140957806544 0.14879344348232687 0.04484094155801373 0.06351829255305556
2 0.7735254545469524 0.15896853048829912 0.04018071509696401 0.06497168977951392
1 0.8154441732973643 0.22012488924576443 0.04862050649282175 0.10109102773541671
2 0.9283180945628384 0.11176948821958396 0.06262845941492116 0.09829333605604171
2 0.98828125 0.1578125 0.0234375 0.06875
1 0.31484375 0.75625 0.0890625 0.4125
1 0.3921875 0.62734375 0.065625 0.1546875
1 0.6921875 0.62421875 0.1 0.1484375
1 0.8350281960255359 0.672052371578334 0.13139782467404082 0.19048214247680573