1 0.0359375 0.025 0.046875 0.05
1 0.09461017584248395 0.11249156570031094 0.03994173151356133 0.0708431210184525
1 0.209375 0.0421875 0.06875 0.084375
1 0.30390625 0.00859375 0.0234375 0.0171875
1 0.3224397732540003 0.08060234179690866 0.04655575256024873 0.0774571420651398
1 0.35655716802056336 0.05144546281536115 0.028185184158514787 0.056143584186749605
1 0.4021349785297896 0.07200786277300893 0.07319384727034209 0.10703822625188941
1 0.4265625 0.2546875 0.046875 0.14375
0 0.44609375 0.0109375 0.0078125 0.021875
1 0.43203125 0.58359375 0.0359375 0.1296875
0 0.775 0.759375 0.45 0.48125