2 0.07771630235620175 0.1158315204629213 0.02406479139585782 0.03785068636451801
1 0.14608051867098165 0.09872351092002356 0.06213753571381497 0.07372428454774686
2 0.26100213514791737 0.05881560122734468 0.022447744317957152 0.03459814060688356
1 0.2794270324706994 0.25825749183422814 0.04947389448011297 0.06332891848667063
1 0.3864248750016476 0.044800511838107494 0.0495829886359143 0.06957891848667064
1 0.4765625 0.0546875 0.046875 0.075
1 0.5868885251638034 0.17601985030926076 0.07216710064862308 0.1119895590935541
0 0.6296799971606262 0.18968360864421047 0.05007391233702041 0.09770391848667064
1 0.6912117865278892 0.25025418894959184 0.0417977621748646 0.07050368969849785
1 0.7814782763816194 0.23336932001357766 0.04812958279171564 0.0757013727290361
1 0.874791899758414 0.26602206547164975 0.10396257142762995 0.1457904742462448
1 0.9765625 0.19453125 0.046875 0.0984375
1 0.0390625 0.465625 0.078125 0.1125
1 0.178125 0.47578125 0.13125 0.1328125
2 0.42890625 0.43828125 0.0921875 0.0578125
1 0.7465186696439163 0.4658467222893908 0.12814436525911965 0.10095620636839735