1 0.19765625 0.13828125 0.2703125 0.2765625
2 0.54140625 0.19140625 0.1546875 0.3296875
2 0.31953125 0.128125 0.1921875 0.25625
0 0.809375 0.296875 0.38125 0.425
1 0.4678620455613455 0.6207126645003159 0.14312006134007813 0.1745810380191358
1 0.321875 0.55234375 0.121875 0.0859375
1 0.21075887369164664 0.5748185307144361 0.09789684137714501 0.12805241228577452
1 0.07265625 0.58046875 0.1265625 0.1421875
1 0.77265625 0.5640625 0.1046875 0.109375
1 0.8766988761387173 0.6290292781838142 0.1120684687818068 0.1325727741286406
0 0.7026165353945444 0.60783604535275 0.07342263103285873 0.09603930921433079