2 0.04375 0.4609375 0.0875 0.16875
1 0.0125 0.05703125 0.025 0.1109375
1 0.12734375 0.01640625 0.0828125 0.0328125
2 0.07155806591425988 0.06695163708777754 0.10046666442319183 0.1319129642790738
2 0.15643683425665994 0.2255542404808792 0.06651756175762476 0.0899797425071295
2 0.17006873990436314 0.4262377456646755 0.12141566191590938 0.15556507775694417
2 0.1625 0.57109375 0.1375 0.0953125
2 0.36015625 0.5453125 0.1828125 0.146875
2 0.2429713793212373 0.30715484646587904 0.12605769780928666 0.15441268086722193
2 0.18918583511458978 0.06555381536310137 0.09330738229073816 0.10011616013203692
2 0.28337610431491966 0.06210547808703639 0.09054609514371963 0.1123427580585183
1 0.328125 0.0375 0.1 0.075
1 0.39088003041659397 0.24840314599476768 0.12614862602253202 0.15753768086722203
2 0.44167198911294037 0.14608808176296204 0.09081887978345585 0.1217177580585183
2 0.45234375 0.028125 0.1109375 0.05625
1 0.55234375 0.2859375 0.0546875 0.1875
0 0.78984375 0.3703125 0.4203125 0.496875
0 0.28984375 0.809375 0.5796875 0.38125
2 0.706342242873864 0.7900512781815728 0.13183633636823106 0.1923227839774997