1 0.19375 0.015625 0.09375 0.03125
1 0.79921875 0.33203125 0.4015625 0.2546875
1 0.0328125 0.578125 0.065625 0.109375
1 0.0828125 0.51328125 0.06875 0.1078125
1 0.1578125 0.5171875 0.13125 0.115625
1 0.30234375 0.50390625 0.0765625 0.0890625
2 0.36484375 0.46796875 0.0546875 0.0171875
1 0.43671875 0.51796875 0.0828125 0.1171875
1 0.4625 0.68671875 0.034375 0.1671875
1 0.5502850952042035 0.5143158438018227 0.08367632096198277 0.10260578202986607
1 0.6631946188817268 0.51778691992483 0.08367632096198285 0.10260578202986607
1 0.9062389635918201 0.512198161397116 0.06254477360693614 0.08664702870210092