1 0.00703125 0.203125 0.0140625 0.078125
0 0.35910976744987033 0.10675065454156216 0.07690914772652384 0.11112064437666676
0 0.03203125 0.26796875 0.0640625 0.1046875
2 0.10631382426700371 0.2658217556995832 0.07353868587597075 0.09698540919430557
2 0.12933253855318877 0.19650805803628457 0.0496102621748646 0.06831489532659729
2 0.2579796899331605 0.17866398176388865 0.057450035713814976 0.0700592332825
2 0.4671875 0.0953125 0.025 0.071875
0 0.73984375 0.2890625 0.5203125 0.18125
0 0.246875 0.784375 0.465625 0.43125
1 0.5782160978059541 0.5157840816876387 0.05775004464226878 0.08724673328249999
0 0.7515625 0.4703125 0.115625 0.18125
1 0.88359375 0.4140625 0.0484375 0.06875