1 0.0140625 0.02578125 0.028125 0.0515625
1 0.04453125 0.03671875 0.0734375 0.0734375
1 0.28984375 0.0328125 0.0796875 0.065625
1 0.43359375 0.0625 0.0890625 0.125
1 0.49921875 0.29453125 0.0921875 0.1109375
1 0.21796875 0.334375 0.0859375 0.03125
1 0.125 0.27578125 0.084375 0.1484375
2 0.7932378714701855 0.16566637479707466 0.13036476458147633 0.1931158514929388
0 0.3453125 0.70078125 0.428125 0.5984375
1 0.578125 0.48046875 0.0375 0.0828125
1 0.6613166185671917 0.4994144000196705 0.04704013605166182 0.06254355866619035
1 0.746875 0.39140625 0.06875 0.0828125
1 0.8051551982715051 0.4257087382710575 0.03900031551854859 0.054184755447881636
1 0.8800642700582596 0.43407824916682075 0.05856866943775678 0.08362088317182241
1 0.9606597375300947 0.6236813345682162 0.05383570533113406 0.08173060124083734
1 0.98671875 0.40546875 0.0265625 0.0828125