1 0.05670125870898168 0.21337561031100458 0.09238137978345584 0.12342334595334936
1 0.1398403676427548 0.18896455314426444 0.10073944906292791 0.14299447279136235
1 0.17160249617256929 0.3110084965274173 0.074875631037097 0.11067936690972058
1 0.4484375 0.1 0.0375 0.0625
1 0.5146117324490228 0.09834640387342594 0.05673338479802066 0.0760603878660917
1 0.556191478688099 0.12688904431575784 0.04217077962517113 0.0573948595576681
1 0.5675525275136002 0.16722782942634082 0.05181856426490725 0.0677552117632838
1 0.6127490187381115 0.23927413181726878 0.08456887978345584 0.1226022191153362
1 0.701024257059629 0.17592492318011815 0.05856866943775678 0.08559961323369429
1 0.7472928179593239 0.4194755389900527 0.13427937476889085 0.17144320551101747
1 0.8887552407622931 0.29881594248681037 0.08893813103709718 0.1121573952181441
0 0.20859375 0.86953125 0.4171875 0.2609375
1 0.6086896560434145 0.911550259205175 0.0922449874635877 0.11873584595334927
1 0.75625 0.95234375 0.121875 0.0953125
1 0.9078125 0.97109375 0.14375 0.0578125