2 0.15619999556052458 0.16205334168245633 0.07636539406758569 0.13594820767745458
2 0.2738191842964442 0.12635115244233355 0.06477233020561535 0.12580838317182247
1 0.40038703813517157 0.15125868127122563 0.045399617332380515 0.09335651609154336
1 0.5010697351689644 0.21016415168602892 0.05677415990702741 0.10037134059717552
1 0.5625 0.05234375 0.025 0.0671875
1 0.6663615993992519 0.04137449094582211 0.05157320767745457 0.07046531930985207
1 0.7844613893760087 0.05745332299302284 0.06149451089576328 0.07893338317182241
1 0.5859375 0.00546875 0.021875 0.0109375
1 0.7484375 0.02109375 0.053125 0.0421875
1 0.94296875 0.00703125 0.0484375 0.0140625
0 0.30390625 0.79453125 0.4921875 0.4109375
1 0.89765625 0.959375 0.0671875 0.08125
1 0.8783481471696788 0.775957304555691 0.08315098960843983 0.07733803218308673
0 0.7592321604112306 0.767800233152152 0.03808986188449896 0.05552873416055819
2 0.5779275300893998 0.7796932178169133 0.022825494804219915 0.037357888367602496
2 0.9921875 0.721875 0.015625 0.059375