1 0.21484375 0.35234375 0.4015625 0.1140625
0 0.8 0.2046875 0.4 0.409375
1 0.2703125 0.4984375 0.309375 0.178125
1 0.61328125 0.7796875 0.0671875 0.2125
1 0.7558398920797229 0.5943257311797386 0.1370374334486339 0.19460152866891214
1 0.73046875 0.4734375 0.1171875 0.128125
1 0.8616899162802198 0.65874637543852 0.11498062626704134 0.16246019072219067
1 0.725 0.97734375 0.140625 0.0453125
1 0.8525820401113743 0.881720960419492 0.13078743344863372 0.19434686068413462
1 0.93671875 0.6296875 0.1265625 0.18125
2 0.9640625 0.4265625 0.071875 0.034375
1 0.94609375 0.959375 0.1078125 0.08125