1 0.47030648072541725 0.10804273066665608 0.10529167568342572 0.11683581050398359
1 0.27906561753037096 0.04686823528550961 0.0810927580585183 0.089636813011266
1 0.2889888387366675 0.16620926867160452 0.055331340433610876 0.062392351411925874
0 0.48027892860463056 0.2626309422659963 0.06574116013203693 0.0923071719450391
0 0.1296875 0.01875 0.1 0.0375
2 0.23191721545685234 0.04862931208682921 0.07062414976444416 0.07686402837152997
2 0.36867492167740784 0.04320968936300247 0.07728425287472192 0.08173338479802066
2 0.73125 0.01640625 0.121875 0.0328125
2 0.6679818545708802 0.13518762305303117 0.14111159849212934 0.15216555674305984
2 0.6227685164463435 0.2670226447606435 0.12554538708777746 0.13456887978345566
2 0.8421875 0.05390625 0.134375 0.1078125
2 0.7854530270967599 0.18011734131628895 0.14144378916129607 0.13814852084968257
2 0.7466263900089823 0.3105717194503921 0.07593636635259245 0.10195495658477541
2 0.9625 0.0234375 0.075 0.046875
2 0.9346806304898616 0.1037858250189529 0.11167837672018485 0.11858016693047428
2 0.8270561837884269 0.3223108529947714 0.0904089694628702 0.1070516335443795
2 0.88644959910426 0.2253509364600086 0.08429567049962934 0.10843227711788872
2 0.97890625 0.13984375 0.0421875 0.0953125
2 0.95546875 0.24765625 0.0890625 0.1046875
2 0.9153278718656953 0.34289378912557567 0.0732802580585183 0.08940949247815269
2 0.3078125 0.453125 0.13125 0.128125
0 0.678125 0.69296875 0.25625 0.6078125