0 0.7546875 0.28828125 0.490625 0.1421875
2 0.32253930870187464 0.733880099175716 0.2359803996950003 0.3628195784748197
2 0.5262819045415622 0.7827061923486742 0.019404616641249994 0.030206061244505734
2 0.5397813600886454 0.7748052773968658 0.024019381458888933 0.027601326555632254
2 0.5661068175355899 0.8215901583784365 0.033867160144236144 0.04895435717788495
2 0.7015540082650343 0.8240911415159153 0.02256598423243057 0.03211540478525663
2 0.8325844962971871 0.915394491997831 0.048075130508958355 0.05676515311126433
2 0.8337872396476733 0.72911014845708 0.011337543502986236 0.018401452392628314
2 0.8897274619122566 0.7823150430757849 0.030487587005972115 0.03767001363713405
2 0.9294991299402774 0.7561818373351719 0.035756968464861136 0.06319027894826057
2 0.9485569480445483 0.812342570350053 0.03397626291777769 0.053641857177884944
2 0.943397975779965 0.7647738832685512 0.01944098423243048 0.031768561244505736
2 0.9786996961446872 0.7624258731019994 0.021039851823611143 0.03350448301488118
2 0.99140625 0.7546875 0.0171875 0.040625