1 0.26953125 0.328125 0.1203125 0.115625
2 0.0265625 0.14140625 0.053125 0.1015625
2 0.0484375 0.02109375 0.096875 0.0421875
1 0.6601087934078261 0.19086291197861147 0.39344290546755206 0.3552703247427898
1 0.01875 0.8 0.0375 0.23125
1 0.2703125 0.63046875 0.11875 0.2296875
1 0.434375 0.52734375 0.115625 0.1359375
2 0.5782571319113148 0.558104433252242 0.0811950056999832 0.11136474687674207
1 0.6998807596352556 0.5400543909013725 0.08689870248167449 0.10358860831306052
1 0.834375 0.4828125 0.090625 0.046875
1 0.937085828693006 0.5680077158405541 0.08519409084927716 0.1238829275949013
2 0.98515625 0.5296875 0.0296875 0.11875