1 0.009375 0.446875 0.01875 0.071875
1 0.06926333738228285 0.3853901376799188 0.04684417889684287 0.05337953005422928
1 0.0585771953877301 0.5017736617822196 0.06365224729857691 0.07378293364502539
1 0.10351099281336396 0.5622117129136879 0.07053928413027996 0.08475679508134384
1 0.1146514320923762 0.35751966773414806 0.06034523677523325 0.07063975292686635
2 0.2046875 0.69921875 0.075 0.0390625
1 0.05366770043764042 0.27745037265280403 0.04170165258848364 0.045539758976990544
1 0.0046875 0.2625 0.009375 0.046875
1 0.10200648990017935 0.26600887860473243 0.04023015785015538 0.04709316861791084
1 0.18590261874055242 0.1539588513791735 0.0400481473268119 0.04396816861791084
1 0.24586915294141942 0.14414803502419898 0.028564615756780754 0.03452953610435348
1 0.3824668056004903 0.1738587818027452 0.038303636803468065 0.04083407825883114
0 0.66796875 0.43828125 0.3984375 0.5609375
1 0.33515625 0.7890625 0.2671875 0.140625
0 0.734375 0.859375 0.53125 0.28125