1 0.13046875 0.1765625 0.2609375 0.353125
1 0.7851755996960661 0.07762959915622983 0.07639266693047428 0.10712726099766208
1 0.9859375 0.096875 0.028125 0.1125
2 0.9467352253228867 0.059906535044356876 0.02774456677218957 0.04263778589277143
2 0.8442156305748785 0.11543632986019796 0.026045674452321775 0.0378318867226084
2 0.8595845663099713 0.051633938988404716 0.02439224623907634 0.03458848755244537
1 0.9241017073761981 0.06240457301172073 0.016397889812585477 0.027746491701630304
1 0.9708403150563301 0.054165097906829995 0.019568353919208192 0.029545790041956278
1 0.3328125 0.534375 0.0875 0.109375
1 0.0359375 0.9171875 0.071875 0.165625
0 0.83984375 0.73984375 0.3203125 0.5203125