2 0.26328125 0.403125 0.3109375 0.36875
2 0.4515625 0.228125 0.065625 0.2125
2 0.49942868920385175 0.4288380872903127 0.10338617328319835 0.10854115824437507
2 0.615625 0.61796875 0.134375 0.1015625
2 0.7090306292362731 0.5726283741437851 0.07453342721213971 0.09226154160312508
2 0.7713679633966729 0.5873461439954171 0.06821065260503385 0.09055357123840277
2 0.845278382546042 0.31436454530593794 0.11948636228216217 0.15261846656500017
1 0.2265625 0.834375 0.384375 0.33125
1 0.4892168970189534 0.8910328820275698 0.1152697431755744 0.129108231382639
1 0.6705546341986718 0.8468685739912851 0.10284251778268025 0.1303797906531944
1 0.99140625 0.825 0.0171875 0.14375
1 0.70234375 0.6796875 0.0203125 0.021875
1 0.63671875 0.6796875 0.0203125 0.021875
1 0.46827719664744993 0.7430493237069448 0.023112168320799497 0.02707164627652787
1 0.8357536410230975 0.7242883252255562 0.021695217535011226 0.030160278685347208