1 0.00703125 0.26328125 0.0140625 0.0484375
1 0.091060872923586 0.3086159249215149 0.04941781153562221 0.06643722749876275
2 0.15186437230527722 0.11310867311249258 0.03112888648947969 0.04834896879233561
1 0.17986945635843332 0.12565626074259217 0.04236677513842757 0.05360967887824373
0 0.22301867906053738 0.13273842039895917 0.03541586829088237 0.042344630257724704
2 0.19820034932631794 0.2041154534156459 0.04100453423772628 0.05665279172311397
1 0.1511658605850849 0.24551173733684378 0.04549177513842757 0.05377345318850324
1 0.24384351635289594 0.20873103233931828 0.04619268198597286 0.06471095318850324
1 0.2832855505906222 0.1521601277713339 0.044830441085271386 0.06775406603337367
1 0.3326359060815781 0.2204287709193576 0.04961807063492074 0.06956222749876276
1 0.3453125 0.2890625 0.028125 0.08125
0 0.59765625 0.30703125 0.4765625 0.4046875
1 0.11248049969545822 0.8711801226829513 0.1862330983942421 0.2573631999091429
0 0.7140625 0.765625 0.571875 0.46875