1 0.02421875 0.03203125 0.0484375 0.0640625
1 0.07667037386104995 0.07442730737798406 0.06547235253201392 0.10503293364502549
2 0.07570086610971652 0.225163105582586 0.06336382096198279 0.09564884328594588
1 0.2640625 0.01171875 0.06875 0.0234375
1 0.2471817529837718 0.2577478257247484 0.07097889988706055 0.11912270472226431
0 0.1109375 0.509375 0.071875 0.11875
1 0.0578125 0.55234375 0.0875 0.0328125
1 0.4890625 0.021875 0.078125 0.04375
1 0.48123750554402056 0.1814115429400446 0.07539338410204496 0.11446247579950324
1 0.4546875 0.5484375 0.06875 0.040625
1 0.59375 0.26796875 0.03125 0.1140625
1 0.96171875 0.1109375 0.0765625 0.2125
1 0.7709917083301482 0.29517055767257167 0.032599668373499216 0.050172716822512696
1 0.01015625 0.66796875 0.0203125 0.0828125
1 0.0999420029131846 0.6963280158126816 0.06805132096198285 0.09567611436318471
1 0.2534009318806147 0.7165218202637994 0.05647678413027997 0.08467498184962743
1 0.3677742450206768 0.6971127692305272 0.06805132096198285 0.09567611436318471
1 0.5748216345961552 0.8029031852161592 0.040685184158514784 0.05490566861791084
2 0.5623909820782587 0.9224662514729379 0.045084257821920916 0.07679884933607006
1 0.68671875 0.85625 0.1546875 0.2875