1 0.0296875 0.36015625 0.059375 0.1171875
1 0.044596146657777426 0.2185926202934672 0.06798889342673622 0.10576794108527139
2 0.09757567629305522 0.22824702498154412 0.08554006933854179 0.12249436613141391
1 0.18527373841340236 0.32619197408638 0.12115156743868064 0.17782221622369915
2 0.1279918345374303 0.13161185687523186 0.06936955547083343 0.09805557063492074
2 0.20077602431694422 0.09715531615910064 0.07918096656500015 0.11740634793281668
2 0.33307937804041643 0.12754132787929295 0.0742752610179167 0.1077309592838688
1 0.334148955928333 0.24966665175341624 0.07591049620027786 0.11095608883351815
1 0.3975581457078469 0.21460933373938912 0.08426851006798622 0.13489423658176455
1 0.50078125 0.1015625 0.0359375 0.103125
0 0.45389841147541626 0.24795156230158932 0.10156511284152785 0.14068316162790725
2 0.4424550312507984 0.10090658157992075 0.046912674011944586 0.07165375693983034
1 0.13515625 0.521875 0.1171875 0.14375
0 0.8671875 0.6671875 0.265625 0.40625