1 0.02890625 0.17421875 0.0578125 0.0859375
1 0.15836071864173035 0.18143315458403503 0.06465330517696728 0.09408319994353027
1 0.21972315287083238 0.20460461505090896 0.06447129465362345 0.09095819994353027
1 0.299015081697088 0.08144710708781404 0.04911931043863902 0.0947356473268118
1 0.375 0.09921875 0.03125 0.0921875
1 0.4203125 0.309375 0.071875 0.059375
1 0.4326249712725663 0.08977148642229738 0.04132222099021767 0.06780912628012441
1 0.48500651862761296 0.07871216005746837 0.04361276308359248 0.08040013154179623
1 0.5189264923192537 0.08852677581424909 0.05849431043863902 0.09528167889684287
1 0.5714221607633401 0.11588520734192782 0.04968075256024882 0.07763915258848364
1 0.6139512950065594 0.15285385729957554 0.06327281570031093 0.09711719468185845
1 0.6742517581748564 0.1673405625047777 0.07163134727034208 0.10694722099021767
1 0.7193129001694093 0.05316394141573797 0.05491428413027997 0.08728716837349922
2 0.7632449106927529 0.052587088742549734 0.04739021046687384 0.06504814732681181
1 0.83515625 0.03515625 0.0578125 0.0703125
1 0.8953125 0.046875 0.059375 0.09375
1 0.7956401817394403 0.04820269660682266 0.03296368942018653 0.05797909997176518
0 0.209375 0.7640625 0.3 0.471875
1 0.37265625 0.51953125 0.0265625 0.0671875
1 0.38984375 0.85859375 0.0609375 0.1796875
1 0.41524775547343334 0.5323769443995097 0.03416216837349921 0.05182010523343692
1 0.44150714760916043 0.566046289109603 0.04242969468185844 0.060087631541796235
1 0.512168987128169 0.6179797864081799 0.06574536831702957 0.11283319994353028
1 0.5720437870434644 0.5321024705666947 0.046646757821920556 0.07901964206513998
1 0.7111763635494677 0.7408844783180281 0.11158848933548207 0.1513188472703421
1 0.7987204081325041 0.5837159914016206 0.07430132096198286 0.09931673151356132