2 0.26107022079961534 0.5926867108980017 0.18798806722365596 0.33508695174690006
1 0.3828125 0.625 0.234375 0.440625
1 0.5890625 0.3140625 0.09375 0.05
1 0.7203125 0.33125 0.090625 0.084375
1 0.8421875 0.35 0.096875 0.121875
1 0.9207104535365908 0.4142180578197937 0.079809516805914 0.08683491638926873
1 0.9625 0.43671875 0.075 0.1203125
1 0.9796875 0.83671875 0.040625 0.1421875
1 0.95234375 0.70390625 0.0953125 0.1640625
1 0.7665880503433798 0.7323401501660348 0.11941052768032882 0.1418981917636044
1 0.5917219960084863 0.5779926686770442 0.10729252965749522 0.15010626663882592