1 0.0453125 0.0546875 0.090625 0.109375
1 0.26460434443962877 0.07500321162077324 0.08449116013203692 0.09912266674839856
1 0.48125 0.1640625 0.0625 0.178125
1 0.5822989838364805 0.2976383573004826 0.21894265551388842 0.25639956483768567
1 0.7874759164471289 0.219834639841923 0.11025257775694426 0.12828649330403064
1 0.7576729648447217 0.06488871125298053 0.09767466531583313 0.10832254091140214
1 0.8088636094253697 0.13710544259386936 0.1012876808672221 0.1319334626817777
1 0.86640625 0.0984375 0.1796875 0.196875
1 0.971875 0.06171875 0.05625 0.1234375
0 0.225 0.81328125 0.45 0.3734375
1 0.70390625 0.54453125 0.2671875 0.1515625