1 0.0328125 0.0109375 0.0625 0.021875
1 0.090625 0.02890625 0.0875 0.0578125
1 0.11953125 0.028125 0.0484375 0.05625
1 0.14734398360375317 0.07688227498728784 0.061104365976683894 0.07030568373351716
1 0.21329994771098174 0.09590092797595454 0.05930506763635801 0.06700726196314175
1 0.2841200879580751 0.16318451122755614 0.08307445435896632 0.09443516674839839
1 0.3723197502004926 0.08289940739765589 0.07310745850815117 0.08558213612614551
1 0.45075148090446077 0.13152055356775558 0.05629846680652086 0.06822291842239077
1 0.48586018671331954 0.1384693528491196 0.0716633576783142 0.08697121435577007
1 0.5121956985361743 0.25097361301567134 0.07646925684847723 0.0890539796668965
1 0.58359375 0.215625 0.0328125 0.096875
1 0.18039328194407922 0.07011541780940281 0.03589087842423862 0.04426685717788499
2 0.8140625 0.2578125 0.371875 0.515625
1 0.3625 0.8390625 0.128125 0.078125
0 0.54453125 0.89453125 0.1109375 0.1890625
0 0.8 0.9 0.4 0.2