1 0.246875 0.15 0.3625 0.3
2 0.6140625 0.4375 0.078125 0.04375
1 0.3546875 0.5984375 0.209375 0.278125
1 0.5870248396717086 0.5333812167223482 0.058394282981095544 0.10539702870210092
1 0.60546875 0.47265625 0.0265625 0.0265625
1 0.67578125 0.475 0.0203125 0.03125
1 0.7027952854169824 0.5475871593181465 0.039489746876741984 0.07708414101493304
1 0.7330504119786114 0.5080240293264986 0.02375566256778665 0.05687548460895986
1 0.7799890444921688 0.514585560108579 0.06308178298109564 0.1058346256238929
1 0.844283869529546 0.6828967516643875 0.0726749515990063 0.14420981946747685
1 0.9776998366466465 0.5055085565730179 0.028515885440423716 0.06981308153075183