1 0.034375 0.24453125 0.06875 0.0984375
1 0.07615595236163317 0.18043828060889738 0.07451191818411554 0.09355368182494192
1 0.15597984468150122 0.18187876380298337 0.0824608105039836 0.09855951680591399
1 0.2883437152937569 0.21481198612265456 0.09872230799670109 0.12107118676785796
1 0.4548432420159342 0.13059220053366022 0.08889266693047429 0.1050641847906915
1 0.3388030533778476 0.06727114125585079 0.08563127461060631 0.10024935079830274
1 0.22140861638911352 0.14557916646472174 0.055534597651002215 0.0849771778706093
1 0.26367267273646194 0.11960957406937597 0.08379598997087001 0.09081068380210837
0 0.83984375 0.29453125 0.3203125 0.5890625
2 0.3390625 0.8890625 0.421875 0.221875
0 0.83984375 0.8515625 0.3203125 0.296875