1 0.453125 0.04921875 0.10625 0.0984375
1 0.3923971149738145 0.24740669761487055 0.1114791181871082 0.14761768119435104
1 0.6578125 0.221875 0.115625 0.175
1 0.65234375 0.06796875 0.0953125 0.1359375
2 0.98203125 0.12734375 0.0359375 0.1109375
1 0.0234375 0.478125 0.046875 0.05625
1 0.17109375 0.48828125 0.0859375 0.0765625
1 0.1842166637755648 0.6308094234775555 0.08616038273097573 0.10390053218308673
1 0.45047913468782974 0.5282971566297074 0.09850088606495574 0.12185285668871888
1 0.5792738143843881 0.5301660232057834 0.03227010818516831 0.09081067029858776
1 0.1022646463567594 0.49283381209725957 0.05822683030538141 0.06621486188449896
1 0.64453125 0.76484375 0.0890625 0.2546875
1 0.87578125 0.53984375 0.1734375 0.1796875