1 0.19453125 0.0296875 0.1984375 0.059375
1 0.540625 0.48828125 0.15625 0.2234375
1 0.6390625 0.18515625 0.040625 0.0921875
1 0.6775740900326676 0.10094630148601409 0.029167281743586494 0.03561216832079968
1 0.7889250645128583 0.15238898510829468 0.02869368506293437 0.0293621683207995
1 0.827927442312397 0.20673403680370567 0.02760478174358667 0.035539393713693815
1 0.9046791964615819 0.21814887985544562 0.05677206348717299 0.07115156203449331
1 0.9767443732261466 0.17760096256810343 0.02447978174358667 0.03539384449948209
1 0.7527157999907113 0.12326225723420112 0.012239890871793335 0.017696922249741044
1 0.795057587958075 0.10249814701895339 0.017164189212119395 0.021040246071058633
1 0.8216433987459558 0.12412058994685884 0.015364890871793335 0.01784247146395277
1 0.8623150203217171 0.16678327894582293 0.02447978174358667 0.03539384449948209
1 0.025 0.65390625 0.05 0.1078125
1 0.1586231804895423 0.7136281222069598 0.07715634108157472 0.11413958271265781
1 0.3123644097436179 0.6815883717926751 0.10272502614450918 0.14335620181924558
1 0.4829351736410651 0.8102699516098486 0.07462333693238979 0.12180653349844608
2 0.60546875 0.80859375 0.0265625 0.1796875
1 0.8631708157622582 0.7155161854797981 0.1467602912913563 0.21080056699689198
1 0.78984375 0.971875 0.1359375 0.05625