2 0.40078125 0.05 0.0421875 0.1
2 0.41328125 0.1875 0.0671875 0.128125
2 0.54375 0.0421875 0.1 0.084375
2 0.5659327007021124 0.1528329285439071 0.08879026232447185 0.11888577886860788
2 0.67109375 0.0328125 0.1078125 0.065625
2 0.6990284837187992 0.14021037315517831 0.04257700361804453 0.09905912628012423
2 0.7769830653560049 0.11810713097709886 0.05812011646291495 0.09840667889684288
2 0.78515625 0.02890625 0.0515625 0.0578125
2 0.86171875 0.02109375 0.0671875 0.0421875
2 0.8672738726829513 0.09985693089239422 0.04636374491161739 0.0821446420651398
0 0.234375 0.76484375 0.290625 0.4703125
1 0.57734375 0.95 0.3515625 0.1