2 0.65234375 0.4078125 0.1609375 0.24375
1 0.771875 0.4421875 0.115625 0.175
2 0.94453125 0.384375 0.1109375 0.290625
1 0.02109375 0.6453125 0.0421875 0.175
1 0.14679181047387663 0.5812232390531333 0.03998980032431163 0.05540013154179633
1 0.24694181493810347 0.5784538258001316 0.06090231818121907 0.09095819994353035
1 0.19609375 0.53359375 0.0171875 0.0078125
1 0.40625 0.54140625 0.025 0.0234375
1 0.4515611310907276 0.5942817650791439 0.024037517856907442 0.03574007892507787
1 0.5109375 0.60234375 0.015625 0.0703125
1 0.481998653411862 0.5530421150509091 0.020912517856907443 0.03555806840173403
1 0.8515625 0.909375 0.296875 0.18125