1 0.0265625 0.0390625 0.053125 0.078125
1 0.021875 0.34140625 0.04375 0.1765625
1 0.3125 0.05703125 0.134375 0.1140625
1 0.309375 0.340625 0.140625 0.178125
1 0.6237839234234095 0.1423347052502227 0.09505343671876361 0.1393991191410267
1 0.44258494425833544 0.39283196566196965 0.0375601841585147 0.05850277894826057
1 0.40078125 0.4234375 0.0296875 0.0125
1 0.773303594215983 0.4009446438831194 0.03398015785015538 0.05034343540750967
1 0.9128904680064458 0.27301095835301226 0.04830026308359266 0.08298080957051335
1 0.9828125 0.2953125 0.034375 0.078125
1 0.1765625 0.7140625 0.353125 0.384375
1 0.8102359048663837 0.6981792679235256 0.12941302616718495 0.16960347631891182
1 0.6060958944842143 0.5682944892204602 0.11765647881213823 0.15432702392628342
1 0.42442866553090175 0.5947481254692034 0.08367632096198285 0.10398358851877383
1 0.9399997286003767 0.63109466744161 0.05060621572854558 0.06926515311126433