1 0.315625 0.3640625 0.346875 0.35
0 0.6625 0.3515625 0.346875 0.375
1 0.1505659947582127 0.6803266268139548 0.11087454811738677 0.14826766693047427
1 0.3635270697120701 0.7037427094212622 0.11001295496493206 0.15915970282385156
1 0.51640625 0.8046875 0.0546875 0.10625
1 0.5262099375415271 0.7327683505539959 0.03329216378737554 0.05711381802583091
1 0.5525314080841629 0.7006605442066476 0.02770349784053172 0.042914925705962934
1 0.6193183898855656 0.7088655007914229 0.017427331893687815 0.02857964106622681
1 0.5972839011443326 0.7473596994586392 0.02427810919158375 0.03813649749271768
1 0.6252401179863405 0.8240956956977156 0.050118718383167414 0.07631845909205773
1 0.6543058567275736 0.7858060855103013 0.03162953423772628 0.05550585391920819
1 0.7015115237541516 0.794223990762293 0.0770211798265045 0.10673338479802066
1 0.76796875 0.94609375 0.0921875 0.1078125
0 0.741473992137319 0.7202469331613033 0.017126943244739935 0.023892141066226814
1 0.899718486277223 0.7913814502500621 0.0387807001845701 0.06975021034569906
1 0.9416742512366177 0.7229413388090065 0.029566386489479513 0.04764788981258548
1 0.984375 0.81015625 0.03125 0.0765625