2 0.02578125 0.203125 0.0515625 0.09375
1 0.07750293778274364 0.3777987233778786 0.07075021751493064 0.09235558818628213
1 0.10615069538218788 0.16216261210503619 0.04978310087368065 0.062334334858516985
1 0.4 0.24140625 0.31875 0.4828125
2 0.6375 0.05078125 0.15625 0.1015625
2 0.7851108435585769 0.16432837416831117 0.03837282218833336 0.041000775374335774
2 0.8454327073500352 0.2667438454662102 0.031904616641249994 0.03104231281194636
2 0.79765625 0.02578125 0.1578125 0.0515625
2 0.9044258476426392 0.24479470112351204 0.03350348423243057 0.0327506784525438
2 0.8961567931217365 0.12499273086560266 0.0719126740119445 0.0753139538268794
2 0.9426135658231601 0.10264801164768303 0.06075696846486114 0.06491789434269819
2 0.0375 0.73671875 0.075 0.1640625
2 0.1203125 0.65234375 0.140625 0.1265625
1 0.2328125 0.6484375 0.16875 0.11875
2 0.41484375 0.634375 0.1453125 0.090625
2 0.715625 0.921875 0.18125 0.15625
2 0.58984375 0.6765625 0.0609375 0.175
2 0.77578125 0.62578125 0.1328125 0.0734375
2 0.95390625 0.90234375 0.0921875 0.1953125