1 0.190006855582586 0.07184857091919905 0.059838608313060516 0.08557902778099051
1 0.29831425927157806 0.13184261515022114 0.07082156010845857 0.0944768092143308
1 0.3792870033196497 0.18756095579789234 0.05506929508134402 0.0710514071667017
1 0.5047687923508695 0.11715167217892493 0.0850113251355733 0.11774717105719698
1 0.5426955183467644 0.1818876571956162 0.04720225292686635 0.06090120614288726
1 0.6096966659856322 0.2205856360004212 0.07082156010845857 0.0944768092143308
1 0.7369586027539157 0.24728391268859817 0.07082156010845857 0.09447680921433088
1 0.77578125 0.31171875 0.0265625 0.0546875
1 0.94296875 0.065625 0.1140625 0.13125
0 0.39453125 0.72890625 0.7890625 0.5421875
1 0.98046875 0.76875 0.0390625 0.21875