1 0.353125 0.14453125 0.271875 0.2890625
1 0.52109375 0.090625 0.0640625 0.146875
1 0.6783546452908918 0.13227292101139593 0.07375687418757337 0.11116013192686944
1 0.8901512617678276 0.17166709905210514 0.05273526217486459 0.0695890620344933
1 0.96015625 0.16875 0.0796875 0.13125
1 0.246875 0.328125 0.08125 0.078125
1 0.38113259212391115 0.4456590248165028 0.06761596834337488 0.11711903349844607
1 0.1046875 0.9078125 0.153125 0.184375
1 0.3484375 0.95546875 0.134375 0.0890625
1 0.36171875 0.3296875 0.0765625 0.08125
0 0.74453125 0.71875 0.5109375 0.5625