1 0.10625 0.16484375 0.2125 0.2453125
2 0.76484375 0.35390625 0.4703125 0.1515625
1 0.00546875 0.7125 0.0109375 0.071875
1 0.1265625 0.8632987463765645 0.1390625 0.1903610782238987
0 0.0984375 0.6261330226908323 0.0578125 0.08542398757622757
1 0.15546875 0.7161669901646783 0.06875 0.09275926900956791
1 0.278125 0.8361501462385666 0.0875 0.11649475146672295
1 0.2375 0.6672753509147309 0.075 0.09962942982861955
1 0.41796875 0.8781512445648468 0.16875 0.21205684211439396
1 0.33984375 0.5633679843267014 0.05625 0.07589394737146468
1 0.2890625 0.5817666776719069 0.0609375 0.0826090679857534
1 0.63046875 0.7859375 0.2015625 0.29375
1 0.8703125 0.7148430994480082 0.234375 0.3170060307144361