2 0.31875 0.2703125 0.0375 0.15
2 0.3715088173417715 0.38488238399378394 0.07860039152687515 0.15818068114108144
1 0.47890625 0.4609375 0.1015625 0.178125
1 0.47282970231604204 0.11099758188408818 0.06860714247680573 0.1311815334984459
1 0.5625 0.05234375 0.05625 0.1046875
1 0.5597868012898617 0.22586491066780442 0.06798889342673622 0.1046190334984459
1 0.6633455995425004 0.11518858395100277 0.06548214247680573 0.13103598428423419
2 0.5904042877064938 0.4013208289886041 0.04466049620027786 0.10821491439185812
2 0.5412952936904174 0.43727329156121664 0.045787891526875055 0.15665241439185812
1 0.72578125 0.48828125 0.0953125 0.1234375
1 0.7457957300514588 0.1705353635205073 0.07322190729444458 0.12827485731976368
1 0.810407663181459 0.3983007985905299 0.056616288753333424 0.15247433664159898
1 0.7765625 0.0328125 0.053125 0.065625
1 0.8590763268410768 0.14225415983923498 0.06039459897381949 0.11363016046291677
1 0.9398717319513199 0.1265071894087395 0.07216724715020817 0.08296235731976367
2 0.978125 0.3625 0.04375 0.128125
1 0.265625 0.7578125 0.06875 0.415625
0 0.61640625 0.85859375 0.5609375 0.2828125