1 0.05390625 0.1265625 0.1078125 0.253125
1 0.4515625 0.08515625 0.134375 0.1703125
0 0.76953125 0.21328125 0.4609375 0.4265625
1 0.44512740260982075 0.7358146094048149 0.04593066534054522 0.053652258672817865
2 0.37872115260982075 0.7350419027291335 0.03811816534054522 0.05356135200509069
2 0.27477853994272994 0.7369578440483614 0.044349984006999674 0.0520715773392725
2 0.34925182861236614 0.7159464573917701 0.0380090773392725 0.04418635200509069
0 0.10823592994113906 0.7467402820257716 0.047511346674090585 0.055232940006363404
0 0.190367177275639 0.7391010520369073 0.03811816534054513 0.05356135200509069
0 0.17212461258754913 0.8967226480346803 0.03808180267345431 0.05043635200509069
0 0.5203125 0.73359375 0.0375 0.0546875
0 0.76953125 0.71953125 0.4609375 0.5609375