1 0.04609375 0.028125 0.0609375 0.05625
1 0.16682296915429556 0.05524419107562384 0.05883940445914586 0.06383910151720862
2 0.3125 0.01484375 0.078125 0.0296875
1 0.5278150994761265 0.28045212985603774 0.0878056386197041 0.10038237939699571
1 0.5859278842571032 0.22469620849442923 0.07497785668871888 0.09467451333591956
1 0.6649598203951328 0.24057604213379058 0.08311813861970414 0.09999974212409217
1 0.7907521420507734 0.2956298171386397 0.10027278763096845 0.12315019970043757
1 0.9609375 0.240625 0.078125 0.10625
1 0.8631948606239913 0.15854414744402115 0.08635239926336595 0.10181733363936134
1 0.7350591529465367 0.21565553259089282 0.05579081411407198 0.0868939642443051
1 0.7803388019578009 0.19735181380465985 0.08413433540139544 0.0923147878817268
1 0.0546875 0.8703125 0.109375 0.20625
1 0.06706363375290011 0.748866903193897 0.1148158888718056 0.17560552000387944
1 0.18079798784372897 0.6505087647130454 0.10597648441265975 0.11584788273097572
1 0.38828125 0.47578125 0.0609375 0.0515625
2 0.67421875 0.5859375 0.2328125 0.271875