1 0.05809173340425353 0.15536127183877455 0.08813342055068932 0.10602251331106069
1 0.1295250649472512 0.4102552475044286 0.09635011213660052 0.13473097587345
1 0.2795950288288921 0.07336719779574687 0.10038204827463008 0.12579357279524198
1 0.33187380480779255 0.247001273710958 0.09925659084927699 0.13189770715464463
1 0.43125 0.58125 0.090625 0.05625
1 0.44921875 0.0328125 0.0921875 0.065625
1 0.48700941903808 0.2705500940106286 0.09133483020561535 0.12960587895165804
1 0.53359375 0.02421875 0.1109375 0.0484375
1 0.6640625 0.03671875 0.03125 0.0734375
1 0.83984375 0.3046875 0.3203125 0.609375
1 0.3234375 0.8046875 0.646875 0.390625
2 0.7265625 0.78203125 0.09375 0.3453125