1 0.365625 0.025 0.053125 0.05
1 0.35390625 0.1296875 0.0296875 0.1
2 0.4484375 0.009375 0.06875 0.01875
1 0.4180606586868677 0.11834770140496084 0.10220915665497757 0.13122007485477488
2 0.6551981944006827 0.060586667077945314 0.05917617694751698 0.08081766046291676
2 0.6376600925342435 0.1246662837033338 0.08612050649282174 0.10392982878371626
1 0.6370992106360325 0.29118169561399254 0.11174779788867965 0.14103172249741008
1 0.87421875 0.01171875 0.0734375 0.0234375
1 0.9254310535740178 0.2569159733214703 0.10681483603812651 0.1267508986760925
1 0.2140625 0.89921875 0.25 0.2015625
1 0.35703125 0.89453125 0.0359375 0.0671875
1 0.36952415260108307 0.8517145113725395 0.03672843262955987 0.04698631596343468
1 0.45537983198423204 0.8604046147633617 0.04936480032431154 0.055381012820281586
1 0.46764009862332345 0.7851327870131026 0.039907979707460496 0.0502568651776464
1 0.4049628206201463 0.7923780527288684 0.030287517856907486 0.035757717535011224
1 0.57421875 0.9140625 0.1609375 0.171875
1 0.6354412532497061 0.7577634199734294 0.03187729139585782 0.03739299214211726
1 0.5165548855549545 0.7600450498333842 0.02869774431795715 0.03412244292790554
1 0.6947929338506711 0.8066589923470049 0.055778441558013724 0.06504711124870503
1 0.785427616480231 0.7655310322555917 0.08614778003177204 0.10549232878371625
1 0.7195395637202875 0.7327506114535927 0.02557274431795715 0.03397689371369381
1 0.6756395592560607 0.7393066724546287 0.023873876623205347 0.02609161910658777
1 0.7941907362035776 0.6666397679875681 0.036646612012708954 0.042298815963434676
1 0.9177100568204286 0.6677014619489309 0.033412517856907444 0.03590326674922295
1 0.978115722810897 0.7010084216260593 0.03349433847375849 0.04059076674922295
1 0.8717663112846555 0.6569608610393081 0.01595228246740419 0.019477746071058545
1 0.9005458762194637 0.6207708039672134 0.02231137662320535 0.026018844499481997
1 0.9340168952941872 0.6293667080199894 0.0175420560063543 0.021113020678164406
1 0.98671875 0.65 0.0265625 0.040625