1 0.0203125 0.3390625 0.040625 0.09375
1 0.13401757963780642 0.30017982345164435 0.0637108105039836 0.0988617052052021
1 0.1982702962517116 0.2836440418110261 0.052136813011266006 0.07634966837349921
1 0.24476956004176512 0.16624371018452527 0.04575042069139794 0.07129814732681172
0 0.15570104836328263 0.10724116553090175 0.03918217194503919 0.05999662628012441
1 0.04834920110799194 0.17040204721387225 0.03950042069139799 0.07093412628012423
1 0.03743678167023521 0.09021401827467716 0.026318459092057767 0.046768584186749604
1 0.0972376790046682 0.05470072347987927 0.024528638558944316 0.03886507892507769
1 0.35546875 0.23203125 0.0671875 0.0953125
1 0.35078125 0.00625 0.0328125 0.0125
1 0.19921875 0.01328125 0.0265625 0.0265625
1 0.4 0.17734375 0.021875 0.1140625
1 0.41171875 0.02421875 0.0390625 0.0484375
1 0.5238576664682558 0.030262165601488887 0.03721049498543509 0.04584312101845249
1 0.6136225116119756 0.14000045762427654 0.11589308762187223 0.1767738735787013
1 0.7296875 0.0125 0.025 0.025
1 0.7701476447606435 0.0781437416839692 0.04065374373179385 0.05696263154179633
1 0.8707470383341528 0.0777635810618035 0.06352895407749273 0.0926117052052021
1 0.8192012587089816 0.021726412688304286 0.01648881802583091 0.03059755261671846
1 0.77421875 0.01015625 0.0171875 0.0203125
1 0.9109375 0.0046875 0.028125 0.009375
1 0.9897721714828208 0.013722738841371828 0.01143760517284953 0.017824536831702886
1 0.140625 0.9578125 0.1375 0.084375
1 0.328125 0.91796875 0.121875 0.1640625
0 0.65625 0.7 0.534375 0.6