1 0.03828125 0.3640625 0.0765625 0.165625
1 0.0125 0.146875 0.025 0.084375
1 0.2555330386306328 0.08930802581424904 0.0685582945496865 0.11595819994353027
1 0.52421875 0.078125 0.0515625 0.14375
1 0.5703125 0.51953125 0.040625 0.0640625
1 0.5546875 0.42109375 0.009375 0.0390625
1 0.5923007464968422 0.4287793204678726 0.02844373545613248 0.04364358418674961
1 0.7096793072573864 0.35633444404657394 0.02806109818322895 0.038956084186749604
1 0.7673802369539445 0.37068464135926826 0.019610869395056164 0.030688557878390376
1 0.8816343134663042 0.4519107965080006 0.027806006667959692 0.03583108418674961
0 0.184375 0.86953125 0.36875 0.2609375
2 0.76875 0.9875 0.0625 0.025