1 0.0625 0.24765625 0.125 0.3796875
1 0.7790606140445989 0.14635604296496324 0.1139103157455871 0.17871884108157482
1 0.8076453100668395 0.07733427844281619 0.09261596834337489 0.12092965186945541
1 0.513634437097082 0.20447158320741227 0.12613758035608366 0.16404103444287887
1 0.39140625 0.0828125 0.0828125 0.15625
1 0.58359375 0.0453125 0.1296875 0.090625
2 0.65234375 0.0453125 0.1109375 0.090625
0 0.40692651542457076 0.7812914244894796 0.041715941558013545 0.06557837842423861
1 0.51171875 0.67421875 0.0453125 0.0484375
1 0.65703125 0.6609375 0.0546875 0.021875
1 0.70703125 0.66015625 0.0515625 0.0203125
1 0.7857663559269241 0.6793568744987684 0.028943206168510115 0.049006185062934374
1 0.89609375 0.6578125 0.0453125 0.015625