1 0.24606428862986532 0.17868068729933057 0.27313060669954403 0.2532018903416297
2 0.5685189019335031 0.4576599441822317 0.08101473734881748 0.11730951680591381
2 0.5568648812858203 0.31727502471457936 0.06982269867918123 0.09498884783255326
1 0.6267324859564111 0.2912019560452298 0.060284066677272284 0.0805443458553869
2 0.6925296612826386 0.3462515533834914 0.058812473344999464 0.08829317885919252
1 0.713778499960229 0.26661047433401847 0.05730451734563582 0.09291701186299814
2 0.6347727999681834 0.20476970752810458 0.0668431493475448 0.10736151384016442
1 0.8109375 0.4828125 0.084375 0.09375
1 0.7879421586171387 0.34154149015134927 0.07456474267981754 0.09986734882113639
2 0.764115401973274 0.17252223471414183 0.04769316000954502 0.0722225098858317
1 0.8594551739735922 0.17406217148199973 0.05588746801399935 0.10535334486680367
1 0.8478449646324107 0.23142900250863896 0.041643154678545 0.08915534190105419
1 0.9064392619748649 0.16659718136783147 0.05416133601209037 0.0912271778706093
2 0.961027311982819 0.11019994273653796 0.05098179201145392 0.08641234387822054
2 0.9890625 0.178125 0.021875 0.121875
1 0.8939552539385938 0.4334026793906651 0.07005905601527189 0.11530134783255316
1 0.97890625 0.47109375 0.0421875 0.1171875
0 0.234375 0.85 0.46875 0.3
1 0.5020864746180932 0.6783637164253531 0.033667022676635835 0.07477450692008221
0 0.6139597659532294 0.6696346566532521 0.03508407200827239 0.062338173916276586
1 0.73359375 0.5625 0.0359375 0.065625
1 0.88203125 0.55546875 0.0453125 0.0515625
1 0.93203125 0.55703125 0.0421875 0.0546875
1 0.99609375 0.60078125 0.0078125 0.0484375