0 0.66875 0.3 0.63125 0.6
1 0.24221775361423728 0.7593879220639516 0.06930451190385671 0.09611247867599956
1 0.35703125 0.94453125 0.0359375 0.0953125
1 0.44765625 0.97109375 0.0640625 0.0578125
1 0.91953125 0.96015625 0.0703125 0.0796875
1 0.8054343293389857 0.8379594594207231 0.06766928903121965 0.08359429734245402
1 0.98984375 0.7109375 0.0203125 0.065625
1 0.8789496182720097 0.6911486414305864 0.04408634328594587 0.0583215773392725
1 0.6819695582617469 0.841210634070633 0.06294542759490121 0.07728975334181776
1 0.5525684045727548 0.7904828333863613 0.0629454275949013 0.07728975334181776
1 0.3788087177062755 0.7095493646960441 0.03952610831306051 0.08014203333863605
1 0.35703125 0.68984375 0.0359375 0.0859375
1 0.6339507356602564 0.6343879220639517 0.059756795081343836 0.06631589067472703
1 0.7330194947354427 0.6613236867440874 0.05663179508134384 0.06627952800763595