2 0.08225258547552912 0.46743790301931865 0.12643443849054994 0.15687504631872748
2 0.03125 0.10625 0.0625 0.1125
1 0.06666082576345353 0.06507488234115422 0.07860297424624481 0.10483735731976358
1 0.21328125 0.01640625 0.0796875 0.0328125
2 0.1534911460668953 0.07200977895033205 0.09719347758022465 0.12282537799792799
2 0.228125 0.2265625 0.0625 0.084375
2 0.21640625 0.42734375 0.0859375 0.1453125
2 0.20390625 0.55703125 0.1109375 0.0453125
2 0.2421875 0.06640625 0.034375 0.0890625
0 0.72109375 0.3078125 0.5578125 0.54375
2 0.12734375 0.90859375 0.2546875 0.1828125