1 0.01171875 0.1015625 0.0234375 0.1125
1 0.09093014499749294 0.251789091186944 0.10825398801910033 0.14927526101791672
0 0.00390625 0.02109375 0.0078125 0.0265625
1 0.17163696405730136 0.05522125608083286 0.046205366604888456 0.07133079255305556
1 0.26770343220613596 0.05220339922322861 0.057415685116542645 0.0793978656913195
1 0.434375 0.15625 0.190625 0.3125
0 0.71796875 0.21484375 0.3765625 0.4296875
1 0.16737853919237758 0.7237056844611803 0.01466270072563942 0.01751480832062491
2 0.00703125 0.803125 0.0140625 0.034375
2 0.22378230661557277 0.70440951738309 0.030997028855940557 0.03819098423243048
1 0.2862798174153459 0.6357127623490969 0.08679565027015243 0.11598998233256949
1 0.43074906922944456 0.6753538777560759 0.07843751324684405 0.10018314437666671
2 0.4964906311176768 0.632383821335312 0.030997028855940557 0.038190984232430655
1 0.7080035391923776 0.7658931844611804 0.01466270072563942 0.01751480832062491
2 0.5421875 0.8453125 0.025 0.034375
2 0.7644073066155728 0.74659701738309 0.030997028855940557 0.03819098423243048
1 0.8269048174153459 0.677900262349097 0.08679565027015243 0.11598998233256949
1 0.965625 0.7171875 0.06875 0.1