1 0.109375 0.259375 0.21875 0.359375
1 0.825 0.0546875 0.153125 0.109375
1 0.93046875 0.22890625 0.1390625 0.1765625
2 0.68515625 0.01953125 0.0703125 0.0390625
1 0.03359375 0.60546875 0.0671875 0.3328125
1 0.17652891502399326 0.6779748374044967 0.24436457587670812 0.3291624306969986
1 0.3828125 0.66796875 0.234375 0.3234375
1 0.44375 0.771875 0.1125 0.290625
1 0.5664401210686595 0.544832336688408 0.08619592072720587 0.1024897480108177
0 0.690650774215577 0.6440067280394527 0.07083173658176474 0.08201361600890866
1 0.8178431323274264 0.5868493033895429 0.0796455320782579 0.09772952267663593
1 0.6984375 0.940625 0.165625 0.11875
1 0.8087127544758201 0.8025288473901793 0.12836243676633483 0.1513817813494537
1 0.9875 0.628125 0.025 0.065625
1 0.9734375 0.821875 0.053125 0.175