1 0.040625 0.446875 0.08125 0.14375
1 0.034375 0.15625 0.06875 0.1625
1 0.11015625 0.05703125 0.0859375 0.1140625
1 0.15 0.43046875 0.096875 0.1765625
1 0.10384677413143513 0.3192964806933078 0.0799652969121079 0.15007031764492576
1 0.246875 0.47734375 0.096875 0.0828125
1 0.35 0.33828125 0.078125 0.1953125
1 0.2991270138798161 0.20516107774644307 0.08972224282842385 0.16199316985054146
1 0.753125 0.259375 0.49375 0.51875
0 0.12578125 0.759375 0.2515625 0.48125
1 0.8813591605217714 0.7186790034725827 0.2030754146981227 0.1536691216855326
2 0.48741818756361355 0.6718254608367226 0.19057541469812272 0.1523553187447117