2 0.03426344208328631 0.03359375 0.03705023213953691 0.0484375
2 0.034360478369860295 0.08828125 0.04214783524981467 0.053125
2 0.07207438331810093 0.17109375 0.05050713939685174 0.059375
2 0.08659479604203586 0.265625 0.05886644354388863 0.065625
2 0.1490257369940265 0.32734375 0.049960335249814844 0.053125
1 0.11477043977421211 0.10546875 0.05179623732333312 0.05625
2 0.16047321050939728 0.13671875 0.05757734561740726 0.06875
2 0.1313824498589808 0.0453125 0.055331340433610876 0.0609375
2 0.10346250141411968 0.04765625 0.04384703628657398 0.0546875
2 0.23392027243212868 0.1546875 0.04486273213953691 0.0484375
2 0.2413403761080543 0.3109375 0.04921804147037019 0.0625
2 0.2944844999535173 0.346875 0.05730394354388864 0.065625
2 0.3335374380307858 0.32890625 0.0540422425071295 0.0640625
2 0.2733634812445824 0.16796875 0.05730394354388881 0.065625
2 0.29765625 0.02578125 0.0515625 0.0515625
2 0.3234375 0.021875 0.034375 0.04375
2 0.35292455066018436 0.121875 0.052206340433611054 0.0609375
2 0.39976873930310075 0.25546875 0.05478453628657398 0.0546875
2 0.47265625 0.37265625 0.0328125 0.0609375
1 0.88046875 0.0375 0.2390625 0.075
1 0.13203125 0.828125 0.2640625 0.33125
1 0.6701223211125455 0.72890625 0.09802597983046271 0.1203125
1 0.7397417540060178 0.703125 0.10298688190398124 0.1234375