1 0.18984375 0.4828125 0.3796875 0.471875
2 0.76328125 0.11875 0.2265625 0.2375
0 0.18984375 0.86328125 0.3796875 0.2734375
1 0.5181713845930209 0.777676820615866 0.05788654160312508 0.07096702800763603
1 0.5774197512342709 0.8051200206079118 0.08357752583555574 0.1009454293443631
1 0.6092698164887501 0.8305376439370029 0.04662173328249999 0.05677725867281787
1 0.6410114321800696 0.8848706079328668 0.057741071238402775 0.06471702800763604
1 0.7088535488213197 0.9122138105904126 0.05610583605604162 0.061573846674090583
1 0.784375 0.97109375 0.078125 0.0578125
1 0.8676109529816323 0.9173996552355499 0.06900587955902786 0.07890679734245412
1 0.9515625 0.971875 0.053125 0.05625
1 0.9765625 0.9734375 0.046875 0.053125
1 0.6737511969977085 0.8813637999284124 0.033758057370694414 0.04100680800445433