1 0.30859375 0.0234375 0.0546875 0.046875
1 0.55234375 0.02265625 0.0328125 0.0453125
2 0.48828125 0.0125 0.0484375 0.025
2 0.24296875 0.02734375 0.0484375 0.0546875
2 0.143553836728179 0.0404962938007805 0.05377952800763595 0.06058655575957417
2 0.21015625 0.0171875 0.0453125 0.034375
0 0.06254928473104249 0.05495766440378471 0.047547709341181486 0.06163887272903601
0 0.08079184941913242 0.21410939485894734 0.045948846674090583 0.05838632697140156
0 0.3859375 0.0171875 0.053125 0.034375
0 0.784375 0.21953125 0.43125 0.4390625
1 0.325 0.48671875 0.13125 0.0953125
2 0.784375 0.7671875 0.43125 0.465625