1 0.8975616866543821 0.2912388000139332 0.13631962152108806 0.16716603444287886
1 0.6285889328613603 0.40842168693703423 0.1333221672787226 0.168491736102553
1 0.6847591845283503 0.40403110747782156 0.08641547424624481 0.10748245850815116
1 0.519485128768776 0.44496099295103003 0.1077163893989355 0.14015324855010752
1 0.40234375 0.50546875 0.0453125 0.0484375
1 0.09912483134415154 0.6483810682610579 0.05172173879011237 0.06292697510489073
1 0.175 0.55859375 0.0625 0.0578125
1 0.2734375 0.5515625 0.05625 0.04375
2 0.2487099852869546 0.568530392745893 0.0475763727290361 0.05019017676456468
1 0.49609375 0.56484375 0.1296875 0.0703125
1 0.66640625 0.96328125 0.1515625 0.0734375